169 170 171 172 173 174 175 176 177 178 179 180 181 182
156 157 158 159 160 161 162 163 164 165 166 167 168 182
78 79 80 93 94 95 114 115 116 132 133 147 153 182
88 89 92 107 108 109 126 128 131 144 146 149 155 182
83 84 85 99 100 101 120 121 122 137 138 148 154 182
90 91 105 106 110 113 127 129 130 142 143 145 152 182
81 82 96 97 98 111 117 118 119 134 135 136 150 182
86 87 102 103 104 112 123 124 125 139 140 141 151 182
72 73 74 75 76 77 150 151 152 153 154 155 168 181
39 40 48 51 59 63 120 126 127 134 139 147 165 181
38 44 47 58 62 67 115 119 130 141 146 148 167 181
36 42 49 54 60 65 114 118 123 137 143 149 166 181
43 46 52 57 68 71 116 125 131 136 138 145 164 181
41 45 53 61 64 69 117 121 128 132 140 142 162 181
37 50 55 56 66 70 122 124 129 133 135 144 163 181
37 42 43 59 61 67 80 83 96 107 110 112 168 178
38 39 50 57 60 64 82 89 93 101 102 113 168 179
41 47 49 52 56 63 78 91 99 104 108 111 168 180
44 45 51 55 65 71 79 87 88 98 100 106 168 175
40 46 54 62 66 69 81 85 92 95 103 105 168 177
36 48 53 58 68 70 84 86 90 94 97 109 168 176
34 35 69 70 71 77 111 112 113 147 148 149 161 174
7 34 44 50 63 74 81 83 109 125 132 143 160 171
7 35 36 41 67 76 87 89 95 129 134 138 158 173
22 27 36 46 50 77 96 104 106 115 120 128 159 172
19 32 53 57 66 75 83 87 91 114 119 126 161 172
21 31 54 55 68 75 99 102 110 132 134 146 159 174
23 25 37 47 48 77 98 102 105 114 121 131 160 173
24 26 38 45 49 77 97 103 110 116 122 126 158 171
24 30 56 61 68 74 82 85 88 115 123 127 161 173
23 29 52 55 64 76 80 86 92 118 120 130 161 171
25 29 53 62 65 74 96 101 108 133 139 145 158 174
26 30 51 58 66 76 93 104 107 136 137 142 160 174
13 33 42 52 70 72 79 81 101 126 141 142 159 173
14 20 39 62 70 73 78 88 110 118 138 140 160 172
4 6 51 60 61 77 81 86 91 133 138 146 156 169
3 5 52 59 62 77 82 87 90 132 137 144 157 170
2 33 39 41 65 75 84 105 112 115 136 144 156 171
10 20 42 44 64 75 85 90 104 131 135 147 158 169
6 28 38 40 68 76 79 108 112 121 135 143 157 172
4 28 43 49 66 74 84 89 98 130 140 147 159 170
10 14 37 41 46 72 93 97 100 139 143 146 161 170
1 15 43 45 50 73 94 105 108 134 137 141 161 169
2 13 44 46 48 73 80 89 91 117 122 123 157 174
12 17 36 40 45 72 78 82 83 124 130 131 156 174
0 17 56 60 71 73 90 95 107 119 121 139 159 171
11 15 58 60 69 72 80 98 99 125 127 144 158 172
9 22 39 67 71 74 92 97 99 114 124 142 157 169
9 27 42 63 69 76 88 94 102 119 122 145 156 170
0 12 43 58 63 75 100 103 113 118 128 133 157 173
1 11 40 56 67 75 86 101 106 116 117 149 160 170
16 19 47 54 61 73 79 109 113 120 124 136 158 170
16 32 38 55 59 72 84 95 111 123 128 145 160 169
18 21 49 53 59 73 92 93 106 125 135 148 156 173
18 31 47 51 57 72 85 94 96 129 140 149 157 171
5 8 48 54 64 74 100 107 111 116 129 141 156 172
3 8 37 57 65 76 78 103 109 117 127 148 159 169
19 30 31 39 42 77 95 100 108 117 125 130 163 176
8 23 31 67 69 73 82 84 104 126 133 143 164 175
8 19 25 63 71 72 86 89 110 115 135 137 162 177
21 28 32 41 44 77 94 101 107 118 124 127 164 177
20 29 33 40 43 77 93 99 109 119 123 129 162 175
4 18 19 44 70 76 82 99 105 116 128 139 166 178
6 16 31 41 70 74 80 103 106 119 131 137 165 179
5 16 23 36 71 75 81 93 108 122 127 140 167 178
3 18 25 50 69 75 79 97 107 123 130 138 165 180
2 8 10 56 58 77 79 83 92 134 140 145 166 179
1 7 12 54 57 77 80 84 88 135 139 142 167 180
5 21 29 50 67 72 88 91 103 121 136 147 166 176
3 29 32 36 63 73 85 98 112 116 142 146 163 179
0 9 11 53 55 77 78 85 89 136 141 143 165 178
9 20 34 49 68 72 87 105 107 117 120 133 167 179
9 33 35 38 66 73 86 96 100 127 131 132 166 180
12 26 28 37 64 73 81 87 99 115 145 149 165 176
1 24 28 48 65 72 92 104 113 119 132 138 163 178
10 13 23 40 60 74 87 94 110 128 136 148 163 180
16 21 24 39 46 76 83 90 98 133 141 149 162 180
2 14 25 43 60 76 85 106 111 124 126 132 167 176
18 26 32 42 46 74 78 86 113 121 134 144 167 175
6 11 30 52 65 73 83 97 102 128 129 147 167 177
0 4 30 62 64 72 106 109 112 114 122 134 164 180
0 15 34 54 59 76 91 97 101 115 131 140 163 175
11 17 35 57 59 74 79 104 105 118 122 146 162 176
14 22 35 49 51 75 80 82 109 121 141 145 163 177
13 27 34 38 61 75 78 92 98 129 137 139 164 176
1 17 22 47 53 76 81 100 110 123 144 147 164 179
12 15 27 47 55 74 90 93 112 117 126 138 166 177
2 7 22 61 66 72 90 102 108 116 118 148 165 175
7 10 27 51 68 73 101 103 111 114 130 144 162 178
3 14 33 45 58 74 91 95 102 120 135 149 164 178
5 13 20 45 56 76 84 96 113 114 125 146 165 177
4 15 26 48 52 75 88 95 96 124 143 148 162 179
6 17 24 37 62 75 89 94 111 120 125 142 166 175
21 22 26 60 62 63 79 84 117 129 131 151 161 178
11 22 29 37 44 68 95 113 126 137 140 150 156 180
11 21 23 42 45 66 109 111 115 138 139 152 157 179
20 27 31 58 59 65 81 89 116 121 124 152 161 180
25 28 33 51 54 67 78 90 122 125 128 150 161 179
10 18 22 45 52 54 89 112 119 127 133 154 160 176
9 14 21 48 56 57 81 112 128 130 137 153 158 175
9 15 23 41 51 62 83 113 116 123 135 155 159 176
1 18 29 39 58 61 87 111 122 131 143 153 159 177
3 7 17 38 42 48 99 106 133 136 140 155 161 177
4 11 13 36 39 47 103 107 132 135 145 154 161 175
15 25 31 38 46 56 87 109 118 142 147 154 156 178
1 25 27 49 64 70 83 95 127 136 146 151 157 175
0 8 16 40 44 49 96 102 138 142 144 153 161 176
2 4 23 50 59 68 78 100 119 142 149 151 158 177
9 24 31 36 43 64 79 91 139 144 148 150 160 177
17 20 30 41 50 54 86 98 126 145 148 153 157 178
3 20 24 47 66 71 80 101 128 134 143 151 156 176
16 28 35 50 52 58 85 110 114 117 139 155 156 175
16 33 34 37 53 60 88 104 116 130 134 154 157 177
6 13 29 49 57 69 90 100 115 124 134 155 160 178
18 27 30 37 40 71 84 91 118 132 141 155 158 179
8 14 26 36 55 61 101 105 119 125 147 155 157 180
0 10 26 57 67 70 98 108 120 123 132 152 156 177
3 12 19 41 60 68 92 96 122 141 147 152 160 175
0 5 35 46 61 65 94 99 126 130 135 151 160 179
6 19 34 45 48 67 85 93 118 144 145 151 159 180
5 17 32 43 51 70 92 102 115 117 143 154 158 180
8 12 34 39 52 66 94 106 121 123 146 150 158 178
2 32 35 40 47 64 88 97 125 133 137 152 159 178
1 6 33 46 55 63 82 107 114 140 148 152 158 176
5 10 30 38 53 63 80 105 124 138 149 150 159 175
7 13 19 43 55 62 97 104 121 127 149 153 156 179
4 7 32 56 65 69 93 110 120 131 141 150 157 176
12 14 24 44 59 69 86 108 114 129 136 154 159 179
2 15 28 42 53 71 82 103 120 129 146 153 160 180
24 27 32 52 60 67 100 105 109 135 140 153 165 174
0 27 29 41 48 66 79 82 110 125 149 154 167 169
0 25 32 39 45 68 80 81 104 129 148 155 166 170
20 23 28 57 61 63 95 97 106 141 144 154 166 174
19 22 33 56 59 64 94 98 103 138 143 155 167 174
2 16 27 45 57 62 86 99 107 143 147 150 163 173
9 13 32 37 54 58 82 106 108 138 147 151 162 171
9 17 25 44 52 61 84 93 103 134 149 152 163 172
12 16 29 42 51 56 89 97 105 132 148 151 164 172
0 6 14 42 47 50 84 87 92 116 127 150 162 174
5 7 15 37 39 49 79 85 86 119 128 152 164 174
17 19 23 46 49 58 88 101 112 129 132 150 165 169
12 22 23 38 65 70 85 91 107 125 134 153 162 170
8 11 18 38 41 43 81 88 90 114 120 151 163 174
6 10 25 36 59 66 88 99 113 117 141 153 164 171
9 19 26 40 50 65 80 90 111 140 146 154 164 173
15 30 33 36 44 57 92 110 111 121 133 151 165 170
5 26 33 47 68 69 83 89 106 118 139 153 163 169
18 20 35 48 55 60 83 103 108 115 142 150 164 170
18 28 34 36 56 62 80 100 102 126 136 152 162 169
4 14 29 38 54 71 83 94 104 117 144 152 165 173
16 22 30 43 48 69 78 87 101 135 146 152 166 171
8 13 24 50 51 53 95 99 112 118 131 152 167 170
2 11 24 54 63 70 87 93 96 121 130 155 164 169
1 5 31 44 60 66 78 97 112 120 145 155 162 173
3 11 34 46 51 64 84 108 110 119 124 153 166 173
4 31 35 37 45 63 90 92 101 123 136 153 167 172
3 15 21 40 61 70 89 100 104 114 145 150 167 171
1 8 35 42 62 68 91 93 98 124 128 154 165 171
10 21 34 43 47 65 82 86 95 122 142 155 165 172
2 3 30 49 55 67 81 94 113 131 139 154 162 172
4 12 20 46 53 67 79 102 111 127 137 155 163 171
7 14 31 40 52 53 98 107 113 115 122 151 166 169
6 7 21 58 64 71 78 96 105 123 126 154 163 170
1 13 26 41 59 71 85 102 109 130 133 150 166 172
10 17 28 39 55 69 91 96 109 116 137 151 167 173
6 8 15 20 22 32 122 130 132 136 139 149 168 173
5 11 14 19 27 28 123 131 133 134 142 148 168 171
0 7 18 23 24 33 117 124 137 145 146 147 168 172
1 3 4 9 10 16 115 118 121 125 126 129 168 174
12 13 21 25 30 35 116 119 120 140 143 144 168 169
2 17 26 29 31 34 114 127 128 135 138 141 168 170
0 3 13 22 28 31 83 86 88 93 105 111 158 181
4 8 17 21 27 33 80 85 87 97 108 113 160 181
7 11 16 20 25 26 82 91 92 94 100 112 159 181
2 5 6 9 12 18 95 98 101 104 109 110 161 181
10 15 19 24 29 35 78 81 84 102 106 107 157 181
1 14 23 30 32 34 79 89 90 96 99 103 156 181
10 11 12 31 32 33 48 49 50 61 62 71 76 182
0 1 2 19 20 21 36 37 38 51 52 69 74 182
7 8 9 28 29 30 45 46 47 59 60 70 75 182
13 14 15 16 17 18 63 64 65 66 67 68 77 182
3 6 23 26 27 35 39 43 44 53 54 56 72 182
4 5 22 24 25 34 40 41 42 55 57 58 73 182
