289 290 291 292 293 294 295 296 297 298 299 300 301 302 303 304 305 306
272 273 274 275 276 277 278 279 280 281 282 283 284 285 286 287 288 306
146 147 148 149 176 177 178 179 212 213 214 215 243 244 245 261 269 306
157 160 162 163 189 191 192 193 225 226 230 231 253 256 258 263 271 306
142 143 144 145 172 173 174 175 208 209 210 211 240 241 242 260 268 306
151 152 153 154 182 184 186 187 216 218 220 223 248 249 251 262 270 306
139 140 141 168 169 170 171 197 204 205 206 207 236 237 238 239 265 306
158 159 161 188 190 194 195 199 224 227 228 229 254 255 257 259 267 306
136 137 138 164 165 166 167 196 200 201 202 203 232 233 234 235 264 306
150 155 156 180 181 183 185 198 217 219 221 222 246 247 250 252 266 306
128 129 130 131 132 133 134 135 264 265 266 267 268 269 270 271 288 305
74 83 87 91 94 96 105 119 207 211 229 230 235 251 252 261 287 305
70 77 85 89 92 99 108 115 212 220 221 227 234 237 241 263 285 305
67 71 78 81 100 111 117 122 202 206 213 228 247 248 258 260 286 305
65 69 73 84 103 107 114 121 200 205 219 226 240 245 255 262 284 305
75 79 82 93 97 118 123 127 203 215 223 231 239 242 250 259 283 305
64 76 88 98 106 110 113 125 204 209 218 225 233 244 246 254 281 305
66 86 90 95 101 104 116 126 201 210 214 222 238 249 256 257 282 305
68 72 80 102 109 112 120 124 208 216 217 224 232 236 243 253 280 305
68 73 77 86 94 106 117 123 141 142 148 164 182 191 194 198 288 302
67 69 75 90 105 108 109 113 146 157 161 170 174 183 187 196 288 304
64 78 83 84 97 101 115 120 150 159 163 166 173 177 184 197 288 303
71 80 87 89 93 98 103 116 137 140 154 175 176 180 193 199 288 301
66 79 91 99 107 111 112 125 139 145 153 160 167 179 181 190 288 300
72 76 81 92 95 119 121 127 138 149 152 162 168 172 185 188 288 298
65 85 88 96 100 102 118 126 136 144 147 155 169 186 189 195 288 297
70 74 82 104 110 114 122 124 143 151 156 158 165 171 178 192 288 299
61 62 63 124 125 126 127 135 196 197 198 199 260 261 262 263 279 296
5 15 61 78 89 109 119 131 142 156 186 190 201 225 239 245 278 293
0 18 63 73 78 96 113 133 137 145 178 185 223 224 237 256 276 295
2 11 63 72 84 108 116 132 144 153 171 191 203 228 244 252 277 293
8 15 62 65 90 97 117 134 149 153 165 193 207 217 241 254 275 295
0 31 62 74 80 111 115 132 141 152 174 189 214 219 233 259 278 292
11 17 61 71 88 94 114 134 138 157 179 184 210 221 236 259 276 294
43 45 58 66 71 82 84 135 164 170 185 195 211 212 216 225 275 292
41 48 60 65 70 80 86 135 166 168 183 190 209 213 223 230 277 294
38 44 50 102 110 116 123 131 145 150 152 161 202 207 212 226 279 294
35 56 59 97 98 104 112 133 138 142 146 155 205 220 228 230 279 292
39 42 49 104 111 118 121 131 175 183 184 194 235 237 244 253 275 296
36 55 57 95 99 102 114 133 164 174 177 180 239 251 254 258 277 296
9 11 32 92 97 106 111 135 136 140 156 161 240 243 251 256 272 289
8 13 31 94 95 108 110 135 137 139 155 159 242 245 248 253 274 291
10 12 30 93 96 107 109 135 138 141 150 158 241 244 249 258 273 290
7 20 24 66 75 80 88 129 165 173 188 191 237 245 247 251 279 290
0 19 29 68 76 82 90 128 169 176 184 190 234 240 252 258 279 291
5 17 25 64 72 79 86 130 170 178 180 189 235 241 248 255 279 289
6 15 23 66 74 76 85 130 140 148 150 157 200 208 223 228 274 296
2 18 28 70 79 81 88 128 141 146 154 159 201 211 217 226 272 296
4 21 27 65 72 82 91 129 137 142 161 163 206 214 218 221 273 296
42 47 59 67 68 83 85 135 167 171 180 188 210 215 218 226 278 295
44 46 57 64 69 81 87 135 165 169 181 194 208 214 220 231 276 293
36 46 58 101 106 109 118 132 139 143 154 162 200 213 221 229 279 295
42 48 51 93 95 113 120 134 136 148 151 160 206 211 219 227 279 293
43 46 50 92 96 112 122 134 166 176 187 191 238 242 246 255 278 296
33 48 59 100 107 110 119 132 170 173 182 193 234 243 250 257 276 296
18 29 40 89 101 107 124 129 136 157 172 194 207 215 246 248 277 292
5 23 54 73 93 122 126 129 159 162 167 174 204 220 243 252 275 294
27 33 56 69 77 120 126 128 140 152 158 179 225 235 242 247 277 295
24 39 51 77 87 100 124 130 139 146 163 185 203 240 249 254 278 294
10 14 40 77 113 122 127 131 153 173 180 195 200 214 230 236 272 291
3 30 54 77 101 119 125 133 144 165 176 183 206 216 226 259 274 289
13 41 52 67 89 118 125 134 152 163 164 178 205 208 252 257 272 290
13 34 60 73 83 112 127 132 151 157 169 175 201 212 247 254 273 289
7 22 52 73 92 104 109 130 147 181 193 197 202 211 218 259 277 291
1 24 53 78 95 107 123 128 147 171 187 199 208 221 230 233 275 289
25 35 54 71 91 102 108 128 149 151 194 197 200 209 250 256 278 290
25 37 56 67 74 106 121 129 144 160 166 199 212 217 239 249 276 291
16 27 37 78 93 99 110 130 149 169 183 191 210 229 232 262 272 292
21 26 34 89 96 104 106 128 153 170 177 188 219 231 232 260 274 294
28 39 53 83 90 92 98 129 145 158 164 189 213 236 250 262 274 293
28 40 49 75 84 94 102 130 156 160 168 176 220 233 257 260 273 295
6 8 52 79 87 114 120 131 144 187 188 198 204 213 234 256 273 292
2 32 53 68 74 103 118 133 149 173 181 196 225 227 238 248 273 294
21 33 60 71 75 76 115 133 143 147 167 198 207 249 253 255 272 293
9 17 37 85 90 103 112 131 143 159 182 185 206 231 233 261 277 290
19 31 34 69 79 100 116 133 148 156 166 172 218 229 236 263 275 290
7 41 51 76 84 91 117 131 154 155 158 174 215 232 238 263 276 289
10 47 49 64 70 91 116 134 147 162 182 196 224 239 240 247 274 292
30 35 47 75 81 86 114 132 140 145 163 186 227 232 246 261 275 291
4 26 50 67 101 103 127 130 141 155 179 192 209 224 234 251 275 293
20 22 36 83 103 122 125 128 148 161 168 186 203 222 241 253 276 292
9 16 45 69 119 123 124 134 154 167 177 189 209 222 228 237 273 291
1 32 45 87 99 113 126 132 142 168 184 192 202 215 217 255 274 290
14 29 38 65 98 105 111 130 162 171 177 198 201 216 227 242 276 290
19 26 38 81 94 99 120 129 143 193 195 196 205 222 223 244 278 289
6 22 55 64 100 108 123 129 138 175 190 192 216 219 238 261 272 295
3 23 55 80 97 105 121 128 139 178 182 195 202 210 246 263 273 293
4 16 43 86 88 105 115 131 151 172 181 199 203 205 243 258 274 295
1 20 58 70 72 105 117 133 136 150 175 179 204 231 257 262 278 291
3 12 57 82 85 98 117 132 160 172 187 197 222 224 235 245 272 294
12 14 44 66 68 115 121 134 137 146 186 192 204 229 250 260 277 289
7 28 35 60 74 78 126 134 139 161 172 180 216 231 234 244 284 302
21 25 41 49 78 90 124 132 138 148 181 195 204 226 242 251 285 301
36 37 50 53 75 77 91 135 172 178 184 193 201 204 219 228 280 297
35 38 49 55 73 76 89 135 173 179 187 189 203 206 217 229 282 299
6 25 44 47 65 89 127 133 139 158 184 191 211 222 233 243 286 304
19 28 47 57 73 80 125 131 136 149 170 192 221 228 242 249 287 303
0 12 42 53 108 114 125 130 142 154 166 195 207 231 243 247 282 298
8 17 35 57 96 115 127 129 148 154 171 183 202 225 240 257 280 300
2 31 44 49 109 117 125 129 140 151 177 185 210 230 234 255 283 297
12 15 37 59 94 116 127 128 136 163 174 181 213 216 237 255 281 299
13 26 37 42 84 88 124 133 140 162 187 190 202 214 241 250 287 302
13 22 53 59 71 72 126 131 141 160 165 177 223 229 240 246 285 304
33 40 51 54 74 79 90 135 175 177 186 191 202 205 221 224 281 298
34 39 52 56 72 78 88 135 174 176 182 192 200 207 222 227 283 300
4 17 47 60 111 113 124 128 144 150 164 193 220 229 238 245 283 298
2 20 41 47 97 119 126 130 137 143 187 194 212 219 236 258 281 300
2 6 17 19 101 105 122 135 142 147 152 160 232 237 250 254 284 301
0 7 15 21 99 103 123 135 144 146 151 162 235 236 246 257 286 303
1 5 16 18 98 102 121 135 143 148 153 163 234 238 247 259 287 304
3 4 14 20 100 104 120 135 145 149 154 157 233 239 252 255 285 302
13 36 54 61 69 82 115 130 136 145 182 188 217 230 238 244 286 301
13 40 50 63 66 87 117 128 138 143 183 189 218 227 239 243 284 303
14 23 42 56 79 89 94 132 147 161 165 185 209 238 258 262 280 303
3 29 39 59 73 79 108 134 143 150 168 199 214 225 232 251 286 297
32 36 42 52 71 86 119 129 146 150 153 169 224 233 242 263 284 299
9 34 50 59 70 84 113 129 139 149 186 198 208 235 258 259 282 301
2 4 25 58 77 98 107 134 156 169 174 188 202 223 253 261 282 303
1 27 38 57 75 83 104 134 141 144 185 190 200 243 248 263 281 301
17 20 28 43 77 93 121 132 155 177 190 196 207 208 218 256 286 299
16 24 44 55 67 91 104 132 136 159 176 198 223 225 236 241 284 298
6 45 51 57 67 86 112 128 137 156 162 173 207 244 259 262 285 297
19 33 44 45 70 83 118 130 138 153 174 199 206 245 246 256 280 302
1 10 51 63 85 97 114 129 152 170 176 181 201 209 229 253 286 302
3 9 56 62 81 96 116 130 151 164 173 190 204 215 221 253 284 304
16 30 33 61 68 111 116 129 155 168 178 187 200 211 231 254 285 303
14 32 39 62 64 109 114 128 155 167 172 191 206 212 223 257 287 301
8 19 27 51 88 92 103 132 150 167 178 194 216 230 239 260 282 304
26 30 36 40 76 80 100 134 142 159 171 181 212 235 256 262 283 304
6 24 31 33 72 103 106 134 145 183 195 197 201 215 220 258 287 299
10 22 50 54 65 76 120 132 146 156 164 199 210 231 237 248 287 300
16 31 38 48 84 92 118 128 142 157 165 180 204 224 249 261 286 300
11 21 35 43 68 107 113 130 152 159 165 175 213 222 239 263 287 297
10 18 34 46 80 95 117 130 144 161 167 184 205 225 250 261 285 299
5 30 46 52 65 110 115 128 160 175 185 196 215 228 236 251 282 302
7 11 49 58 85 93 119 128 145 166 192 198 205 214 248 254 280 304
1 8 48 55 71 106 112 130 158 172 186 196 214 226 237 252 283 303
18 24 30 48 74 97 108 131 162 164 169 179 218 222 255 260 280 301
9 22 39 46 86 91 93 133 152 157 171 195 217 234 245 260 281 303
5 10 27 48 90 94 111 133 154 188 192 197 203 208 212 246 284 297
26 32 46 56 70 75 107 131 137 148 189 197 210 216 252 254 286 298
5 22 34 63 82 99 105 134 140 155 173 194 213 226 233 249 280 298
18 26 52 61 66 105 123 132 149 158 166 180 206 220 240 253 281 297
20 23 60 62 69 99 106 131 138 163 171 176 211 224 248 250 282 297
4 29 41 62 87 92 123 133 159 160 170 186 200 210 244 247 280 299
24 40 45 61 64 85 121 133 141 151 161 193 213 232 242 252 282 300
27 45 54 63 68 81 98 131 139 147 157 166 219 241 251 257 283 299
9 15 29 53 64 102 122 132 137 179 183 188 205 211 249 263 283 302
0 23 32 37 81 101 102 134 158 170 175 198 203 218 230 245 285 300
3 15 41 58 69 110 112 129 141 147 180 184 203 227 256 260 287 298
0 14 43 60 87 95 118 129 156 179 182 197 226 228 232 241 281 304
7 12 23 43 67 110 120 133 153 168 189 194 201 221 240 261 283 301
12 21 29 58 83 95 100 131 140 178 191 196 209 217 220 259 284 300
11 25 31 55 82 96 101 131 146 167 168 193 208 227 247 262 281 302
8 11 28 38 66 109 122 133 163 169 182 199 209 215 219 235 285 298
28 30 41 56 64 82 95 103 153 157 198 202 229 237 243 268 278 297
13 27 35 39 80 85 101 123 153 156 196 204 211 255 258 269 276 298
34 40 43 57 103 108 111 119 147 158 163 204 210 217 223 264 279 302
39 41 45 55 94 107 115 122 140 144 149 201 218 224 231 266 279 304
13 23 51 58 64 75 96 111 142 149 199 222 226 234 236 270 277 299
9 28 36 51 68 89 105 110 138 144 197 214 223 247 255 271 275 300
11 20 40 42 65 81 112 123 174 178 197 225 229 234 249 266 274 301
5 31 36 41 81 85 104 113 179 191 199 207 216 240 250 264 273 303
16 25 34 42 76 87 97 122 141 145 196 216 221 245 257 271 277 297
3 25 40 48 83 88 99 109 137 152 198 228 231 238 240 269 275 299
15 20 34 48 68 91 101 114 185 189 199 202 220 242 244 265 272 304
17 18 39 58 67 76 99 116 165 186 197 219 230 242 243 267 273 302
33 47 52 53 96 99 117 121 156 157 159 203 209 214 216 265 279 301
37 49 54 60 92 100 105 114 137 141 153 208 215 222 225 267 279 303
12 18 35 51 69 72 118 122 190 193 198 210 212 233 251 265 274 303
4 31 51 56 66 73 102 119 171 184 196 213 231 241 246 267 272 301
11 15 27 30 67 70 73 87 172 177 195 233 238 250 253 270 279 300
9 18 23 31 65 71 77 83 181 187 192 232 239 244 257 268 279 298
2 8 14 26 69 78 85 91 164 168 175 243 246 249 259 271 279 299
1 4 12 22 74 81 84 89 167 182 183 236 242 254 256 269 279 297
29 42 54 57 66 70 78 106 152 155 193 203 236 255 261 268 273 304
1 6 42 60 77 82 109 116 149 159 189 205 246 251 260 264 276 300
25 52 57 62 68 84 93 100 143 161 179 201 230 237 246 270 274 298
25 43 53 63 69 80 94 104 150 162 186 206 215 234 254 268 272 300
19 37 43 48 64 89 117 126 145 146 171 200 251 253 259 266 273 298
22 32 48 49 66 69 98 127 144 159 178 207 221 232 258 270 278 302
4 13 18 44 90 93 106 114 147 168 173 216 228 235 263 266 278 300
23 36 38 47 72 87 90 107 151 155 166 225 237 259 260 269 272 302
14 21 36 45 73 88 97 116 158 160 183 208 234 248 261 265 278 298
9 33 38 58 78 80 114 127 146 160 194 218 238 241 252 264 274 297
12 28 31 50 86 97 99 124 147 175 188 200 206 225 252 270 276 304
10 26 55 58 68 79 92 126 151 163 183 207 228 233 245 268 276 301
17 26 45 59 65 74 95 109 145 176 194 203 204 247 263 270 272 303
5 9 21 47 66 108 118 120 141 172 176 202 230 254 262 266 276 299
2 7 10 59 87 102 106 115 157 178 190 206 222 242 262 264 275 298
0 27 41 50 71 79 109 121 136 171 173 220 222 254 261 271 274 302
2 24 37 46 73 82 111 120 138 180 186 207 209 257 263 269 274 304
7 16 53 57 65 79 101 113 138 140 182 212 252 253 260 267 278 299
3 19 46 49 71 74 113 123 155 163 188 201 241 243 262 265 277 300
19 22 60 61 67 97 102 107 154 185 191 204 214 227 235 268 274 299
14 24 47 63 71 92 101 110 148 174 190 205 217 231 235 270 273 297
0 30 39 44 84 105 112 126 148 188 193 209 221 239 248 264 272 299
7 8 46 54 83 116 121 124 142 170 179 223 227 233 258 266 272 297
8 21 24 59 81 93 105 125 156 184 189 200 212 224 238 268 277 302
16 29 46 60 72 85 94 125 146 158 173 202 219 239 256 270 275 301
7 26 33 62 86 98 108 122 136 184 185 208 226 229 239 269 273 300
1 29 49 61 86 96 103 120 139 165 174 212 218 228 250 271 272 298
5 14 55 59 75 103 117 124 152 166 169 211 221 244 256 267 274 300
10 17 23 33 84 104 123 125 137 169 172 213 217 227 251 271 278 304
3 24 43 52 70 90 102 127 140 142 167 219 229 244 248 271 276 303
3 8 37 63 76 86 107 118 161 177 192 211 220 236 247 264 278 301
4 32 35 61 79 83 110 117 162 176 195 208 219 237 249 264 277 304
6 12 56 61 80 91 92 113 143 169 177 203 226 248 257 266 275 302
10 38 53 62 67 82 88 119 139 148 175 220 232 255 256 266 277 303
2 16 54 62 75 89 95 112 150 192 195 213 218 235 240 265 276 302
21 38 52 63 64 74 77 112 136 154 168 210 245 250 258 267 275 304
15 22 35 44 77 88 95 111 143 166 170 215 224 252 262 271 273 301
15 19 32 40 72 93 104 115 139 164 187 209 226 247 261 267 276 297
6 20 30 50 78 94 98 118 151 167 170 214 217 240 263 267 277 298
20 27 32 44 76 96 108 124 160 180 182 201 205 213 259 268 275 303
1 11 50 56 90 100 115 125 162 180 194 211 223 232 245 265 273 299
6 11 29 34 75 110 121 126 154 164 181 206 224 230 241 269 278 303
0 13 17 55 70 98 119 120 161 181 191 200 215 249 260 265 275 297
0 5 28 45 91 100 106 127 150 165 187 205 210 227 253 269 277 301
10 25 39 60 66 81 103 110 136 142 177 187 252 259 263 265 280 295
13 24 49 56 65 68 99 122 150 154 170 172 256 259 261 264 281 293
38 45 56 60 93 101 108 117 178 181 186 188 233 236 240 271 287 296
44 52 54 58 94 97 103 113 171 172 189 190 232 247 249 269 285 296
13 29 33 43 81 91 97 109 144 148 180 192 233 237 262 267 282 294
25 32 33 50 73 85 95 105 154 163 165 190 236 244 260 266 283 292
8 18 50 60 64 68 104 119 140 160 174 195 203 221 262 269 286 290
4 11 54 59 64 80 99 118 148 158 185 187 201 207 260 271 284 291
14 28 48 54 67 72 96 123 140 143 181 184 245 254 263 264 282 292
1 28 52 59 69 76 101 111 137 151 191 195 239 241 261 266 280 294
0 4 48 52 75 85 116 122 138 139 177 194 217 225 262 268 287 289
2 5 43 56 76 83 114 123 136 139 183 193 214 224 260 270 285 290
34 37 47 51 98 109 115 123 165 168 179 195 248 252 256 268 284 296
35 40 41 53 105 106 116 120 167 169 185 192 241 245 259 270 286 296
8 20 33 39 82 89 102 113 141 162 166 181 210 228 261 270 284 289
5 12 33 49 87 88 101 112 149 161 164 171 219 223 263 268 286 291
5 8 29 32 67 77 80 84 138 145 147 151 222 229 231 265 281 296
0 10 11 24 69 83 86 89 143 149 155 160 202 204 216 267 283 296
3 17 22 31 68 75 78 87 136 153 158 162 205 209 212 266 282 296
12 16 20 26 64 71 73 90 139 144 152 156 215 227 230 264 280 296
23 40 44 59 78 82 86 92 144 154 179 196 219 253 254 265 287 290
16 19 41 59 66 77 96 114 161 162 175 197 217 233 248 269 283 293
28 34 44 62 71 85 107 120 142 162 178 183 203 238 251 267 281 291
28 37 58 61 65 87 104 108 148 152 167 173 224 246 258 265 283 289
6 48 53 58 73 81 115 124 153 155 161 176 210 235 239 271 281 290
9 26 35 48 82 87 121 125 147 150 174 191 201 236 248 267 285 295
5 13 20 57 74 92 107 116 146 184 195 198 206 209 232 271 283 295
29 47 50 55 69 74 88 93 142 153 185 197 213 253 257 264 285 289
3 7 45 50 72 89 111 114 148 159 169 196 230 249 250 268 281 295
32 43 51 55 65 78 116 125 141 143 157 188 220 235 250 269 280 291
8 12 25 36 70 111 123 126 157 173 176 185 205 218 232 267 287 293
22 30 38 43 79 85 106 124 137 149 174 184 230 247 257 265 284 293
2 22 42 45 80 90 96 110 163 172 179 198 200 220 239 267 286 289
17 21 30 42 69 92 102 117 139 173 192 199 201 223 252 269 281 292
7 18 32 47 82 94 100 112 152 177 183 199 200 204 241 271 282 293
17 27 46 53 66 89 97 100 151 168 174 198 224 226 244 264 287 291
15 24 36 60 79 84 96 98 152 192 194 196 206 210 243 266 285 291
6 14 35 46 84 90 99 119 136 141 178 199 218 247 253 268 283 294
1 21 37 44 79 80 119 122 155 157 164 197 227 240 244 270 282 295
3 27 47 61 84 95 106 122 146 175 181 189 207 223 234 267 280 290
6 26 41 63 83 93 102 111 146 165 172 182 221 225 255 265 282 291
21 31 40 46 67 98 114 126 149 150 182 190 203 211 237 271 280 289
10 15 56 57 71 105 118 124 145 159 168 191 218 219 234 269 282 289
7 27 31 42 64 105 107 127 143 164 176 186 217 228 256 265 285 294
1 23 41 46 68 88 108 127 145 156 177 193 206 235 249 267 284 292
21 22 51 62 70 94 101 121 145 169 180 187 225 228 243 264 283 290
16 23 35 63 70 100 103 109 160 164 184 188 207 214 242 266 281 289
3 18 38 42 91 103 115 126 138 156 170 191 208 213 254 270 283 291
2 29 30 51 71 99 104 127 161 166 182 189 204 208 245 266 287 295
14 27 34 58 74 86 102 125 138 159 187 193 215 237 240 266 286 293
9 20 49 63 67 79 95 115 142 158 169 193 200 216 246 269 287 294
12 19 39 63 65 75 106 119 151 159 179 180 202 208 238 271 285 292
14 31 53 61 70 76 93 112 144 163 170 194 202 222 251 269 284 295
30 37 55 62 66 72 83 113 147 154 156 194 205 234 242 271 286 294
1 17 40 62 73 91 110 118 140 146 166 188 216 222 258 268 285 293
7 34 55 61 77 81 90 118 137 150 160 171 209 243 255 270 287 292
0 26 49 57 72 77 97 110 157 167 186 199 211 213 238 266 284 290
4 10 19 36 78 108 112 121 140 165 189 198 211 215 257 270 281 294
0 6 9 54 88 104 107 117 163 168 180 196 212 229 242 270 280 293
4 9 24 57 76 94 109 126 153 166 175 178 226 227 250 265 286 292
11 16 36 39 74 117 120 127 137 147 170 190 220 226 246 268 282 290
11 19 23 52 91 95 98 124 141 173 183 186 212 231 255 264 286 295
2 13 15 38 86 100 113 121 158 167 176 197 221 231 251 268 280 292
15 18 25 45 75 92 120 125 155 171 175 182 214 229 258 264 284 294
12 17 24 32 34 38 41 54 211 214 228 234 239 246 253 262 288 295
10 20 29 31 35 37 45 52 221 223 226 235 238 243 254 260 288 293
3 5 11 26 44 51 53 60 200 217 218 237 242 257 258 261 288 292
0 8 16 22 40 47 56 58 201 206 208 244 250 251 255 263 288 294
1 7 9 13 14 19 25 30 203 207 210 213 219 220 224 225 288 296
4 15 28 33 42 46 55 63 204 212 222 230 232 240 248 259 288 290
6 18 27 36 43 49 59 62 202 209 227 231 236 245 249 252 288 289
2 21 23 39 48 50 57 61 205 215 216 229 233 241 247 256 288 291
4 8 23 30 34 45 49 53 136 143 146 152 180 190 191 197 276 305
2 9 12 27 40 52 55 60 145 148 155 162 165 170 184 199 278 305
11 14 18 22 33 37 41 57 139 142 150 151 176 188 189 196 275 305
1 15 26 31 39 43 47 54 138 154 160 161 169 173 178 198 277 305
3 6 10 13 16 21 28 32 166 171 174 179 185 186 193 194 279 305
5 19 24 35 42 50 58 62 137 144 157 158 168 177 181 182 272 305
0 20 25 38 46 51 59 61 140 147 153 159 164 172 183 192 273 305
7 17 29 36 44 48 56 63 141 149 156 163 167 175 187 195 274 305
18 19 20 21 53 54 55 56 84 85 86 87 109 110 111 127 134 306
4 5 6 7 37 38 39 40 68 69 70 71 95 96 97 125 132 306
14 15 16 17 49 50 51 52 80 81 82 83 106 107 108 126 133 306
0 1 2 3 33 34 35 36 64 65 66 67 92 93 94 124 131 306
22 23 24 25 26 27 28 29 112 113 114 115 116 117 118 119 135 306
30 31 32 57 58 59 60 63 88 89 90 91 120 121 122 123 130 306
11 12 13 45 46 47 48 62 76 77 78 79 102 103 104 105 129 306
8 9 10 41 42 43 44 61 72 73 74 75 98 99 100 101 128 306
