361 362 363 364 365 366 367 368 369 370 371 372 373 374 375 376 377
 378 379 380
342 343 344 345 346 347 348 349 350 351 352 353 354 355 356 357 358
 359 360 380
171 172 173 174 207 208 209 210 211 252 253 254 255 292 293 294 295
 328 333 380
183 186 188 194 223 224 227 229 233 266 270 274 277 305 308 310 313
 331 336 380
184 185 190 192 222 225 228 231 234 267 271 275 276 304 306 311 314
 330 335 380
187 189 191 193 220 221 226 230 232 268 269 272 273 307 309 312 315
 329 334 380
203 204 205 206 243 244 245 246 247 288 289 290 291 324 325 326 327
 332 337 380
179 180 181 182 216 217 218 219 249 261 262 263 264 265 300 301 302
 303 339 380
199 200 201 202 239 240 241 242 251 283 284 285 286 287 320 321 322
 323 341 380
175 176 177 178 212 213 214 215 248 256 257 258 259 260 296 297 298
 299 338 380
195 196 197 198 235 236 237 238 250 278 279 280 281 282 316 317 318
 319 340 380
20 21 22 23 64 65 66 67 68 103 104 105 106 137 138 139 140
 161 165 380
8 9 10 11 50 51 52 53 54 90 91 92 93 125 126 127 128
 159 163 380
16 17 18 19 59 60 61 62 63 99 100 101 102 133 134 135 136
 160 164 380
4 5 6 7 45 46 47 48 49 86 87 88 89 121 122 123 124
 158 162 380
32 33 34 35 36 37 38 39 40 149 150 151 152 153 154 155 156
 157 170 380
12 13 14 15 55 56 57 58 78 94 95 96 97 98 129 130 131
 132 167 380
28 29 30 31 73 74 75 76 80 112 113 114 115 116 145 146 147
 148 169 380
24 25 26 27 69 70 71 72 79 107 108 109 110 111 141 142 143
 144 168 380
0 1 2 3 41 42 43 44 77 81 82 83 84 85 117 118 119
 120 166 380
162 163 164 165 166 167 168 169 170 333 334 335 336 337 338 339 340
 341 360 379
94 103 107 112 117 121 125 133 149 266 267 268 283 292 296 300 316
 332 351 379
83 87 97 104 127 134 142 145 154 254 262 273 280 297 308 322 327
 330 352 379
91 96 100 109 119 123 138 146 152 253 258 263 275 307 317 323 326
 331 353 379
82 88 92 115 130 135 139 143 153 252 259 274 284 302 306 318 325
 329 354 379
93 102 106 116 120 124 132 144 157 265 282 287 291 299 313 314 315
 328 355 379
85 98 101 111 128 140 148 156 158 255 277 281 286 290 298 303 311
 312 359 379
81 90 95 114 122 137 141 151 160 257 271 272 279 288 294 301 305
 321 357 379
86 99 108 113 118 126 129 150 161 256 261 269 270 278 293 304 320
 324 356 379
84 89 105 110 131 136 147 155 159 260 264 276 285 289 295 309 310
 319 358 379
117 124 128 129 136 138 141 145 153 208 214 218 226 231 233 236 239
 244 360 378
86 95 101 104 116 119 125 143 155 172 177 184 199 219 224 230 245
 250 360 377
82 90 96 99 105 121 142 148 157 182 186 191 202 211 222 235 243
 248 360 374
85 87 103 108 132 135 146 151 159 175 181 192 201 206 209 220 229
 238 360 370
88 100 111 114 120 127 131 149 161 176 180 183 189 197 207 228 241
 247 360 373
89 93 98 107 115 118 134 137 152 171 179 193 204 213 227 234 237
 251 360 375
83 91 106 110 113 122 130 133 156 174 188 190 196 215 221 240 246
 249 360 376
81 94 102 109 126 139 147 154 158 173 194 195 200 203 212 217 225
 232 360 371
84 92 97 112 123 140 144 150 160 178 185 187 198 205 210 216 223
 242 360 372
77 78 79 80 158 159 160 161 170 248 249 250 251 328 329 330 331
 332 350 378
33 46 68 79 82 116 126 131 164 174 179 201 233 271 273 298 316
 326 348 372
7 50 68 78 81 101 112 153 168 183 206 213 235 262 275 295 315
 320 344 376
10 36 68 80 96 118 133 144 162 180 184 214 232 277 280 285 294
 325 349 370
7 9 59 79 98 103 145 157 166 198 221 225 241 258 270 289 294
 302 345 377
9 33 42 78 110 123 134 148 165 172 200 231 247 259 269 282 300
 305 346 370
13 33 63 80 87 120 137 143 163 188 198 211 226 264 275 286 296
 324 347 371
37 59 75 78 106 108 119 121 163 171 187 195 233 260 284 301 311
 327 349 373
19 24 68 77 87 90 129 152 169 189 210 212 246 276 281 284 300
 313 342 377
7 17 75 77 92 110 138 149 167 184 217 229 243 273 279 286 293
 299 343 375
23 42 63 79 89 91 94 153 169 177 205 207 220 277 278 301 314
 322 343 374
12 36 50 77 116 122 135 142 165 173 205 234 239 258 261 266 312
 319 347 373
2 19 46 80 106 107 128 154 167 206 216 224 228 252 257 269 319
 323 345 374
49 51 62 69 129 137 147 156 166 184 187 197 201 253 259 262 266
 291 350 374
48 54 57 64 118 136 148 151 168 176 188 195 205 252 263 267 273
 287 350 377
41 47 63 76 126 140 141 155 167 180 186 192 204 254 258 268 282
 284 350 376
44 59 66 72 122 128 131 150 169 172 175 191 203 265 274 275 280
 283 350 375
44 56 71 73 87 91 101 105 170 214 217 237 242 252 268 270 271
 291 346 373
43 57 70 74 89 92 99 106 170 212 219 236 241 254 266 272 275
 290 348 370
42 58 69 76 86 93 100 103 170 215 216 235 239 255 273 274 276
 288 349 371
41 55 72 75 88 90 102 104 170 213 218 238 240 253 267 269 277
 289 347 372
23 33 53 76 111 117 130 160 162 181 212 222 230 253 270 287 319
 327 344 375
40 43 54 56 86 109 145 160 165 171 201 228 243 265 277 296 309
 318 342 376
7 37 65 72 95 118 127 146 164 202 208 223 249 259 268 290 314
 319 342 371
40 51 64 74 94 101 120 142 162 175 193 231 249 284 288 293 310
 317 345 372
9 23 49 58 99 114 119 154 168 196 204 214 229 264 283 306 312
 328 342 372
9 37 66 73 84 102 129 143 162 176 182 220 234 255 279 308 323
 332 348 376
48 52 60 70 131 140 146 154 166 230 234 235 240 293 296 301 313
 325 346 378
47 53 55 65 120 135 147 150 168 215 224 237 243 294 300 307 311
 322 348 378
27 46 53 63 96 104 113 151 166 185 193 200 236 274 295 299 303
 332 342 373
38 50 65 75 83 98 109 136 162 178 189 192 219 274 316 321 324
 328 346 374
40 49 66 71 96 115 117 159 164 173 183 216 240 272 282 297 311
 324 343 377
6 17 24 50 115 132 155 161 166 191 196 231 242 257 263 277 292
 327 348 371
15 39 61 74 83 123 141 161 163 173 220 224 235 267 285 291 298
 302 342 375
0 5 62 74 104 111 152 159 167 182 190 205 233 256 283 294 315
 318 346 371
31 35 54 67 107 119 131 135 162 185 218 221 248 254 281 291 305
 320 343 371
10 19 25 45 95 139 148 149 166 190 220 237 239 254 260 265 324
 331 344 372
4 11 56 66 85 116 134 149 168 178 186 236 246 253 285 301 304
 329 345 371
21 24 36 45 97 119 128 147 164 181 211 227 241 267 278 288 299
 329 346 376
25 32 48 67 91 112 120 129 164 186 200 209 219 257 289 312 318
 330 349 375
40 58 62 73 82 107 122 140 163 189 194 208 250 263 289 299 304
 322 344 370
10 13 20 46 84 100 145 156 168 194 238 245 248 261 272 284 292
 314 346 375
4 16 54 71 97 106 114 153 166 192 202 232 250 255 256 300 310
 326 347 375
3 21 61 70 88 98 125 151 169 174 187 214 243 261 282 310 323
 330 344 371
0 34 51 58 88 113 136 144 165 199 206 211 225 268 281 297 301
 331 348 375
11 37 44 55 115 133 141 158 165 185 209 241 245 256 264 273 313
 317 344 374
31 32 57 60 104 117 144 158 163 191 207 229 237 259 261 276 321
 326 345 376
23 34 47 69 83 125 132 148 164 194 210 218 251 256 275 279 309
 325 345 373
11 18 47 72 105 112 130 152 166 195 199 226 228 261 288 298 308
 328 343 370
5 39 64 70 81 93 130 145 164 172 180 229 242 260 281 304 307
 332 347 374
3 39 52 57 100 121 143 147 165 192 208 246 251 257 270 280 303
 315 343 372
16 31 43 48 90 103 143 156 167 179 203 223 231 278 285 297 307
 328 344 373
18 34 55 76 85 89 138 142 163 174 197 223 232 257 265 306 320
 332 346 377
42 49 59 73 127 139 144 151 167 219 222 227 246 292 298 309 317
 320 347 378
43 62 64 71 123 126 132 149 169 211 213 221 245 303 306 308 319
 321 349 378
0 15 26 29 121 128 135 137 170 178 180 196 200 293 308 309 314
 326 344 377
1 14 25 31 122 126 134 138 170 176 181 198 199 292 310 311 315
 325 342 374
2 13 27 30 123 125 136 139 170 175 179 197 202 294 304 312 313
 327 343 376
3 12 24 28 124 127 133 140 170 177 182 195 201 295 305 306 307
 324 345 375
4 22 26 35 84 90 98 113 164 207 217 224 239 296 306 315 317
 327 350 370
8 21 28 39 85 95 99 110 162 213 216 225 226 292 313 318 322
 326 350 373
2 10 14 32 89 101 108 114 165 210 222 240 244 299 302 307 308
 316 350 371
12 17 30 38 81 86 105 111 163 209 221 227 236 297 300 314 323
 325 350 372
8 14 45 67 83 115 157 160 168 177 197 203 233 268 276 293 303
 323 347 370
1 16 26 67 96 127 155 158 169 171 206 215 226 266 279 287 302
 304 346 372
5 8 26 61 94 116 138 150 166 189 222 238 251 252 264 290 297
 305 349 376
1 28 45 61 93 105 108 153 167 185 194 247 249 253 280 296 312
 321 348 377
2 20 25 60 86 130 157 159 169 178 204 208 232 262 267 286 305
 317 348 373
4 18 29 44 109 125 157 161 167 181 188 234 244 259 272 281 295
 322 349 372
5 15 22 51 82 133 146 155 168 198 212 227 244 255 265 269 321
 330 343 373
20 30 32 52 82 132 134 141 162 187 215 217 228 278 283 290 295
 331 347 377
6 12 21 52 102 113 117 152 168 175 223 247 250 254 271 286 302
 309 349 374
3 6 30 60 91 137 142 150 167 183 218 225 245 255 260 287 316
 329 342 370
17 27 41 65 93 97 121 156 169 173 176 230 244 264 271 318 320
 331 345 370
16 29 35 56 110 118 124 139 163 183 210 230 238 258 283 288 303
 330 348 374
13 38 41 53 99 107 124 146 165 190 203 207 242 262 279 298 310
 329 349 377
0 18 22 69 92 95 124 154 169 193 209 247 248 263 270 285 311
 316 347 376
11 22 29 34 81 97 100 108 162 177 179 190 191 252 266 282 286
 289 342 378
6 20 27 38 85 92 94 114 164 171 182 188 199 258 269 276 280
 291 344 378
14 19 28 36 84 88 103 109 163 172 186 193 196 256 262 271 287
 290 343 378
1 8 15 35 87 102 111 112 165 174 184 202 204 260 263 272 274
 278 345 378
3 48 65 69 96 116 153 160 163 175 190 204 217 241 269 281 292
 308 358 361
6 32 51 55 103 110 119 160 169 180 194 202 234 236 252 298 315
 324 352 365
22 28 38 58 91 134 143 158 166 175 180 210 233 243 267 272 319
 320 355 368
4 27 61 75 82 129 154 159 165 177 180 221 223 237 275 287 288
 292 359 363
9 13 35 48 81 133 142 161 169 192 199 216 233 237 253 290 299
 309 354 366
3 26 55 63 106 145 149 159 162 199 203 210 227 235 259 263 271
 312 356 364
16 27 42 57 116 128 152 161 162 194 198 209 240 243 260 262 268
 306 357 362
31 41 52 58 87 110 153 161 164 178 193 195 222 245 265 266 294
 323 359 364
1 32 63 73 92 98 121 161 168 172 190 201 218 232 288 297 313
 319 353 367
9 20 39 69 112 118 135 158 167 177 189 211 236 240 265 271 310
 327 353 369
22 24 37 52 89 120 148 160 167 173 199 214 221 238 262 274 304
 326 351 367
21 34 57 75 87 107 126 160 166 172 182 183 215 244 285 312 314
 317 354 369
30 34 42 61 90 106 131 158 168 181 184 193 208 242 258 308 318
 324 351 366
48 51 63 68 85 97 109 115 170 208 221 222 224 247 260 261 279
 283 355 369
45 54 59 65 82 94 111 113 170 210 226 229 234 245 257 262 282
 285 353 366
47 50 61 64 84 96 107 114 170 209 225 230 233 246 259 265 278
 286 352 367
46 52 62 66 83 95 108 112 170 207 227 231 232 243 258 264 281
 287 354 365
49 53 60 67 81 98 110 116 170 211 220 223 228 244 256 263 280
 284 351 368
3 13 51 73 108 138 157 158 164 196 205 213 228 230 254 274 285
 300 357 363
16 28 37 41 94 123 137 159 168 174 191 219 228 239 270 281 299
 325 352 369
13 29 39 65 101 122 144 159 166 171 186 212 218 247 273 278 306
 323 351 365
7 10 16 22 117 132 142 147 170 172 185 188 189 204 298 301 318
 323 356 363
4 9 19 21 120 130 141 146 170 171 184 191 194 205 297 303 316
 320 358 364
5 11 17 20 119 129 144 148 170 174 183 192 193 203 296 302 319
 322 357 361
6 8 18 23 118 131 143 145 170 173 186 187 190 206 299 300 317
 321 359 362
19 48 72 73 83 93 94 155 165 181 183 187 236 248 286 294 306
 326 356 368
22 41 46 70 101 115 129 149 163 181 202 205 215 225 280 305 309
 328 353 362
21 35 53 72 82 101 123 145 167 176 196 209 232 251 266 276 301
 324 355 361
25 30 47 62 98 119 127 153 165 188 191 212 216 238 271 285 293
 332 355 362
6 26 66 77 100 130 148 154 163 185 201 213 219 244 268 278 294
 310 355 366
4 20 43 79 95 133 147 152 163 176 206 218 222 242 274 282 293
 312 352 368
5 60 76 79 90 97 118 149 165 175 194 196 219 226 291 295 311
 323 354 367
11 39 45 78 104 107 120 136 169 196 201 217 222 223 255 258 272
 325 356 362
14 44 61 79 92 104 146 156 162 183 195 204 211 239 257 300 304
 309 355 365
8 55 74 77 86 107 139 156 164 191 192 198 214 247 287 295 301
 308 353 368
40 44 60 80 88 93 95 138 168 182 192 200 210 221 266 278 298
 327 358 362
24 44 47 67 94 99 145 151 163 178 179 184 240 247 255 315 319
 331 354 363
6 63 71 74 84 95 128 157 165 179 189 195 215 229 253 320 325
 330 351 361
10 37 49 57 83 111 135 138 169 179 186 225 242 250 269 288 295
 296 355 364
26 36 51 65 86 114 117 134 167 174 195 220 242 248 275 289 303
 313 354 362
2 58 59 70 90 112 138 155 162 173 188 201 237 247 256 303 314
 329 352 361
10 27 34 64 102 115 119 122 167 178 201 207 226 235 270 290 300
 330 358 368
23 38 54 70 84 87 116 133 167 191 197 200 208 213 288 302 311
 331 356 365
15 33 47 52 101 106 109 118 169 182 185 197 229 239 289 292 297
 329 357 368
17 29 45 69 91 117 131 151 165 182 198 213 224 232 284 290 304
 328 352 364
4 14 34 50 99 117 140 143 169 200 227 228 238 249 260 273 291
 294 353 361
36 46 54 58 85 102 105 141 169 183 190 198 219 251 259 293 307
 327 351 363
10 28 42 56 104 121 141 150 164 197 206 212 221 234 263 286 310
 328 354 361
7 8 38 56 82 100 137 144 169 181 195 224 231 240 254 256 312
 332 358 367
11 32 68 71 83 88 99 147 167 171 175 198 230 239 263 305 314
 332 359 366
17 39 43 76 87 96 128 139 168 187 199 207 234 249 256 289 305
 316 355 363
12 35 68 73 89 100 125 141 166 178 203 211 229 249 269 287 311
 318 352 362
16 24 49 80 85 125 130 150 165 176 193 217 233 235 254 289 314
 321 353 365
40 50 67 79 85 100 113 124 167 172 187 202 212 237 264 267 308
 325 357 364
2 29 54 78 88 140 142 152 164 184 203 215 220 236 264 270 292
 321 355 367
1 17 71 78 113 125 137 154 162 186 205 208 238 241 265 276 298
 307 354 368
0 53 57 80 105 109 122 149 164 177 187 204 231 238 255 302 313
 320 352 366
31 33 62 77 97 105 124 125 168 171 180 220 225 240 257 274 290
 317 356 361
0 21 27 49 112 131 134 157 163 192 212 239 245 249 252 277 279
 307 356 367
26 31 46 59 81 92 132 152 165 186 197 214 230 249 255 267 322
 324 358 369
7 25 42 64 97 113 135 155 163 182 203 214 228 251 253 272 313
 316 359 365
15 24 41 62 91 114 139 157 162 172 206 223 236 251 261 273 296
 311 358 366
23 32 74 78 90 109 124 135 166 174 176 216 227 245 268 280 286
 304 358 363
15 37 67 80 86 92 136 142 166 181 194 207 213 246 271 282 283
 307 359 361
1 5 68 72 114 132 136 156 163 177 200 216 234 243 254 270 317
 329 351 364
8 25 33 66 81 121 136 146 167 193 210 215 241 250 261 277 291
 306 352 363
7 18 28 70 96 120 126 156 165 178 218 220 227 250 252 276 283
 327 357 366
2 23 45 71 98 102 146 150 163 180 199 231 246 248 266 273 295
 318 357 369
0 12 60 72 103 126 148 153 162 171 197 224 242 246 264 272 299
 330 353 363
9 14 43 75 111 124 137 155 164 175 185 232 235 246 252 261 322
 331 351 362
30 33 56 64 88 108 128 133 166 173 204 219 223 248 276 279 315
 322 353 364
1 11 12 76 106 123 143 151 164 189 225 237 244 248 262 277 283
 293 358 365
15 30 44 50 89 103 144 154 164 176 190 226 243 250 253 284 303
 305 356 369
13 19 43 69 105 115 127 150 162 174 200 229 244 250 258 267 301
 315 359 367
14 20 40 76 102 110 121 127 166 179 205 209 214 224 275 281 321
 329 356 366
3 29 36 59 89 104 126 130 168 189 202 209 216 231 279 291 296
 331 359 368
31 36 55 66 93 99 111 123 166 177 188 206 208 217 284 309 316
 330 357 367
2 18 38 74 103 122 127 129 168 185 211 217 230 251 260 277 282
 326 354 364
0 19 35 75 86 91 132 140 168 173 179 222 226 241 259 280 310
 332 357 365
5 12 40 53 84 108 134 139 169 184 188 218 235 241 257 268 326
 328 359 369
18 25 56 77 93 140 147 151 162 196 202 207 233 245 269 275 297
 302 351 369
32 44 53 70 86 97 102 137 148 189 206 233 249 258 285 292 306
 340 343 364
14 27 29 66 86 90 120 133 153 187 225 229 251 254 263 298 319
 337 346 369
3 20 47 56 90 111 115 136 154 172 198 220 249 266 299 320 326
 335 349 365
26 32 47 75 85 93 131 133 139 205 211 231 250 262 270 272 323
 338 342 361
9 15 17 70 85 104 122 147 153 179 210 228 248 268 287 317 324
 336 349 367
3 8 49 75 97 101 103 141 152 188 200 207 248 265 304 319 325
 334 348 366
0 38 63 67 90 108 123 130 147 183 214 234 250 265 273 290 292
 341 345 362
5 38 57 59 110 115 120 125 140 206 232 239 248 253 271 278 308
 339 342 363
39 41 60 66 89 109 113 127 132 184 198 233 248 252 288 300 312
 341 344 361
6 9 31 44 96 108 136 140 149 174 212 224 251 262 288 314 318
 334 347 368
11 25 57 63 82 103 114 124 150 173 184 213 249 281 309 323 327
 336 346 368
10 23 29 60 85 107 123 129 155 195 241 243 249 271 274 297 315
 333 347 366
11 30 59 67 87 95 109 117 156 180 205 235 251 269 299 306 310
 333 348 367
56 68 70 75 117 123 127 135 157 190 193 194 199 255 257 264 278
 337 350 368
43 46 55 67 125 134 144 146 153 173 182 189 196 260 270 286 288
 335 350 366
50 58 60 71 120 121 139 145 152 174 177 181 185 269 279 285 290
 336 350 365
42 45 53 74 132 133 138 143 154 171 178 183 202 261 271 281 289
 334 350 367
52 61 65 73 119 124 130 142 149 179 198 200 206 256 272 276 277
 333 350 369
17 32 49 56 84 106 126 142 146 177 226 247 251 267 274 281 294
 339 344 362
5 14 23 41 100 112 128 142 151 171 217 221 250 259 285 313 324
 335 348 368
17 22 31 53 88 94 118 141 157 201 216 246 250 260 275 308 312
 333 346 365
0 9 25 36 87 94 100 106 115 218 223 230 243 295 298 304 321
 340 350 361
5 24 29 33 83 92 96 102 103 208 228 237 245 301 310 312 320
 338 350 362
1 18 20 37 88 91 97 107 116 212 229 231 235 294 303 309 324
 341 350 363
6 13 16 34 82 93 104 109 112 214 220 241 246 293 305 311 319
 339 350 364
36 49 70 76 82 91 95 136 161 171 185 203 238 286 300 308 315
 338 345 369
29 41 48 50 95 106 111 134 150 194 201 211 214 276 302 317 332
 334 343 363
15 25 65 76 84 99 125 152 158 183 201 221 231 252 280 299 301
 337 347 364
21 30 55 71 92 100 118 122 155 200 220 222 233 262 281 296 328
 337 345 363
11 24 38 43 101 113 121 131 138 194 204 216 220 259 287 294 330
 340 347 369
27 37 48 74 98 100 105 117 126 184 196 206 210 265 305 322 329
 338 347 365
10 55 61 69 81 87 113 140 157 171 176 219 231 283 319 326 329
 336 343 362
12 42 48 66 92 101 107 147 157 174 180 226 238 256 321 327 331
 335 342 364
7 35 55 60 83 105 114 128 143 193 201 205 212 282 292 304 331
 339 349 369
20 54 62 75 81 89 96 143 150 181 196 239 247 268 298 313 330
 333 345 364
20 26 58 80 83 101 124 126 151 191 223 234 241 253 260 300 318
 337 343 367
28 67 69 78 82 89 102 128 149 188 192 230 242 261 294 297 317
 337 342 365
23 24 57 73 81 88 134 156 159 185 202 224 226 258 265 293 316
 337 349 361
31 34 45 79 84 101 127 130 137 173 192 236 243 263 269 283 313
 338 349 363
40 52 69 77 98 104 114 123 133 181 186 203 226 252 260 314 320
 340 348 363
0 6 64 78 99 116 127 141 156 181 210 232 237 274 289 296 323
 335 343 369
16 52 72 78 84 86 115 138 151 180 190 211 212 291 312 316 322
 336 345 366
1 47 54 80 100 104 110 129 157 173 175 227 242 290 301 306 316
 334 344 369
19 26 53 56 89 112 119 156 161 175 182 208 225 273 282 321 325
 336 347 363
1 27 33 51 89 95 135 140 145 183 191 217 246 256 267 323 328
 340 349 366
13 22 44 45 110 114 126 135 152 187 208 219 235 277 287 297 332
 335 345 361
14 24 51 59 105 116 118 123 154 192 207 215 218 272 286 318 332
 336 344 364
3 34 62 68 86 94 110 128 146 176 185 186 237 272 302 327 328
 341 347 367
13 31 64 72 85 91 121 154 160 184 189 227 239 256 282 295 302
 337 348 362
0 11 28 46 98 139 142 155 160 176 208 229 240 275 278 291 300
 334 349 364
2 15 49 68 93 113 143 149 160 191 195 209 218 258 290 310 322
 335 346 363
19 50 66 74 82 97 110 151 158 197 199 204 218 270 296 307 314
 333 349 362
12 22 74 79 87 93 119 136 150 186 228 232 240 259 279 292 303
 337 344 366
7 39 71 80 90 94 119 134 140 190 197 209 244 261 274 287 309
 338 348 364
4 25 38 73 104 118 128 132 160 174 225 235 247 264 266 284 307
 338 343 366
26 39 42 50 88 105 129 146 160 179 188 232 245 254 283 299 311
 340 345 368
10 35 41 71 103 116 130 136 158 182 187 227 247 257 275 293 322
 340 342 367
5 10 73 77 99 109 131 137 153 199 209 215 223 267 282 303 327
 334 345 365
8 13 62 79 88 106 117 148 155 178 209 217 234 280 288 307 320
 336 342 369
4 57 65 77 91 102 108 145 155 193 197 211 216 283 298 305 325
 335 344 367
40 46 61 78 91 103 111 118 147 178 191 199 244 254 279 306 313
 339 347 361
21 33 43 59 93 114 129 142 158 178 190 224 238 263 268 295 325
 341 343 365
6 28 40 72 81 106 125 129 135 198 204 207 222 273 285 303 331
 338 346 367
2 4 52 76 94 105 135 144 156 172 213 233 241 263 279 324 330
 334 342 362
19 22 32 42 96 111 122 125 145 192 195 213 223 264 291 293 329
 341 348 369
19 39 47 58 92 108 116 117 137 176 202 203 221 277 295 317 330
 339 346 366
8 16 68 76 98 108 120 122 154 182 236 242 245 259 267 309 331
 333 343 361
9 28 63 64 83 86 131 144 152 202 217 238 244 257 266 311 329
 333 344 363
3 37 54 79 99 112 122 132 139 180 193 224 244 253 276 286 297
 340 346 362
2 8 34 72 96 124 134 147 161 205 219 221 229 255 271 284 296
 340 344 365
30 35 46 69 97 99 120 138 159 172 195 234 246 268 277 302 321
 338 344 368
1 7 21 58 109 133 148 150 159 179 207 230 236 257 284 291 308
 335 347 362
7 30 43 51 102 107 130 151 161 177 186 210 239 264 280 311 326
 334 346 361
23 35 61 77 95 115 121 126 144 175 188 228 236 255 262 289 307
 341 346 364
14 18 33 48 113 119 139 141 159 189 213 242 243 255 266 280 314
 339 345 367
12 37 45 62 85 90 144 145 161 200 204 215 230 252 275 310 316
 339 343 368
17 36 44 64 98 112 124 143 159 194 197 215 222 254 269 301 326
 341 342 366
4 15 36 63 81 107 127 138 148 175 187 240 245 270 276 318 328
 339 348 365
12 18 27 54 83 137 146 149 158 172 214 216 222 278 284 289 315
 336 348 361
2 16 40 65 87 92 131 141 148 177 196 225 227 253 261 315 332
 341 349 368
18 21 51 80 84 111 121 132 153 203 219 237 240 258 273 304 305
 333 342 368
11 13 26 49 74 102 118 140 153 172 181 221 243 257 276 316 331
 341 352 373
7 14 53 69 73 85 106 136 152 173 180 191 245 278 296 305 330
 341 354 372
17 26 34 54 73 95 103 120 123 204 212 233 240 261 280 295 329
 335 359 374
28 33 44 49 65 90 100 107 132 199 205 232 236 260 293 302 330
 336 359 376
22 33 57 61 71 85 86 112 127 196 203 218 234 284 294 299 331
 334 358 374
7 29 57 62 67 84 93 141 154 174 175 199 222 277 300 324 329
 340 353 373
23 26 28 43 52 97 122 136 157 183 184 209 237 269 284 298 332
 339 353 371
14 26 37 60 64 82 87 125 147 190 216 236 247 258 277 320 328
 334 357 375
2 6 39 67 73 97 111 126 133 193 238 239 243 259 275 301 328
 336 358 377
25 35 52 59 74 85 88 96 137 177 194 242 244 273 300 319 328
 335 356 376
12 20 31 49 61 109 120 128 155 190 202 210 213 270 273 301 332
 340 354 370
15 21 42 54 60 108 115 124 156 186 189 199 217 275 294 319 332
 338 352 372
1 6 36 57 69 90 101 139 146 178 221 228 233 264 282 322 332
 333 356 375
8 19 20 44 57 113 123 142 153 180 201 227 230 279 289 311 328
 338 351 371
0 8 31 65 71 89 129 133 151 172 194 228 235 258 286 327 329
 339 355 372
1 13 23 50 59 86 141 147 149 182 193 223 240 252 281 326 330
 338 355 370
15 18 46 64 73 90 110 117 150 171 177 192 241 262 312 325 331
 340 355 371
1 4 39 53 62 103 115 131 142 195 210 214 219 269 286 314 331
 337 357 376
8 17 37 42 46 109 114 130 140 175 211 218 237 266 285 315 330
 337 356 377
18 35 43 49 50 94 104 108 148 180 198 208 215 271 313 323 329
 337 358 375
44 54 68 69 74 121 130 134 155 207 223 225 238 299 312 323 324
 339 357 378
46 50 57 72 76 119 133 137 157 210 217 220 247 297 304 310 318
 341 359 378
2 7 12 26 33 91 99 104 115 176 187 192 194 265 281 285 288
 333 351 378
45 58 63 66 75 118 125 142 156 209 212 228 242 302 305 315 326
 340 358 378
41 51 56 61 67 122 143 148 152 216 229 232 241 295 314 316 327
 338 356 378
3 35 45 64 76 92 109 129 134 191 206 240 250 264 294 298 314
 336 351 373
15 32 43 45 72 100 116 140 159 188 193 214 225 279 300 320 327
 333 354 374
0 39 48 56 79 102 114 125 138 185 191 215 227 262 284 319 324
 333 359 370
4 31 51 70 78 83 100 139 150 182 204 209 226 271 277 299 319
 341 351 377
8 24 30 48 58 84 104 135 149 171 232 244 249 270 275 282 298
 341 357 374
10 12 43 63 65 88 110 112 154 181 191 233 251 255 291 304 317
 338 357 377
1 10 30 66 70 94 124 152 160 192 196 211 224 259 273 289 320
 339 359 373
2 24 53 64 75 95 100 153 158 174 186 198 234 283 291 297 309
 339 356 370
13 17 21 25 40 83 89 90 116 180 185 195 206 255 259 270 283
 334 353 378
0 4 23 30 37 93 96 101 110 189 198 201 203 254 257 261 267
 336 354 378
10 18 24 31 39 82 86 98 106 175 183 200 205 253 264 268 279
 335 352 378
15 16 38 66 69 88 119 126 145 205 222 237 249 257 286 295 313
 334 351 370
19 37 51 71 76 81 104 124 131 178 188 243 251 278 292 302 312
 335 353 370
5 27 35 44 58 106 127 147 160 186 213 220 231 261 286 316 325
 333 353 377
25 34 41 49 78 92 105 133 145 175 189 224 234 278 287 303 326
 333 357 371
11 21 41 73 79 86 96 135 154 188 197 210 231 260 290 315 321
 339 351 375
9 27 67 76 77 88 101 132 150 190 195 208 227 272 285 296 326
 339 352 374
23 36 56 62 72 92 113 120 158 179 192 235 244 260 292 305 323
 334 352 377
9 38 61 72 80 89 97 117 139 186 201 215 245 263 281 293 315
 335 357 373
4 24 40 42 55 112 126 136 137 190 229 230 248 280 290 302 323
 333 355 373
20 29 42 51 72 87 98 99 149 173 185 233 250 257 287 307 325
 339 358 376
27 28 32 50 62 87 118 130 138 203 224 241 248 255 282 301 309
 335 351 372
27 39 55 59 68 84 91 124 148 181 204 228 250 266 293 297 321
 334 354 371
14 16 21 47 74 81 91 144 149 201 208 234 248 264 269 274 327
 340 359 377
7 34 44 52 63 111 116 129 139 171 196 216 248 267 307 310 321
 337 352 370
3 14 38 46 71 93 135 148 161 184 212 223 226 283 289 301 317
 333 352 376
13 37 47 70 77 103 113 128 134 177 183 222 232 263 291 318 321
 333 358 372
5 25 28 54 55 101 117 154 161 179 187 211 246 258 274 279 314
 341 358 370
3 22 25 50 80 102 123 131 156 171 222 229 236 256 268 288 322
 339 354 377
27 45 52 56 80 81 99 103 155 174 189 205 218 259 308 311 317
 341 355 375
31 38 42 47 68 95 102 142 159 187 196 241 244 252 296 303 304
 336 353 375
11 33 60 69 75 84 94 122 161 202 206 214 227 254 303 307 318
 335 355 377
21 29 32 46 77 94 127 136 143 204 221 235 242 253 256 265 311
 336 357 370
18 32 58 65 79 81 115 123 128 182 184 238 246 254 287 296 310
 334 356 373
6 22 56 59 76 83 107 153 159 176 184 200 211 261 290 307 313
 340 357 372
17 23 48 55 80 82 108 127 152 172 178 225 239 272 291 303 310
 340 351 376
3 18 53 66 78 87 114 144 155 179 194 221 239 267 290 293 318
 338 353 374
0 10 40 47 59 97 143 146 161 174 213 217 236 276 287 305 312
 337 351 374
38 45 51 60 77 96 106 112 141 172 176 179 238 270 306 309 322
 337 359 371
2 9 22 55 62 109 116 121 151 183 226 242 249 254 276 278 325
 338 359 375
4 13 28 60 68 92 111 119 151 173 215 231 251 265 268 289 308
 340 356 374
9 12 29 47 71 82 138 156 160 193 206 207 219 260 267 280 313
 341 356 371
0 14 17 52 68 107 145 150 158 188 202 219 220 253 282 288 306
 338 358 373
3 5 9 16 32 95 105 107 113 173 178 181 197 273 275 277 284
 337 355 378
1 22 40 48 75 99 128 130 144 197 220 245 251 258 271 295 300
 336 352 371
6 19 33 41 54 98 138 144 147 177 209 235 249 272 283 304 308
 337 354 373
6 10 15 75 79 105 120 134 151 203 208 216 230 256 266 281 306
 341 353 376
8 29 40 63 70 105 119 132 158 176 223 239 246 262 269 294 316
 335 354 375
7 20 36 41 74 108 125 131 160 200 226 237 246 255 263 297 306
 336 355 374
20 24 35 63 78 93 117 122 146 197 219 225 243 252 256 285 308
 334 359 372
5 34 43 66 80 91 98 135 141 195 202 230 247 262 276 292 299
 336 356 372
11 16 58 64 77 89 111 146 157 187 200 218 224 271 280 292 324
 338 354 376
2 11 36 48 61 110 132 137 145 182 207 212 250 268 274 311 320
 337 353 372
12 19 34 67 70 114 118 121 159 198 217 231 245 253 274 298 322
 334 355 376
16 30 36 53 79 83 121 129 140 199 213 229 247 252 265 272 317
 335 358 371
5 19 30 65 78 85 126 143 157 185 207 214 240 263 266 288 309
 340 352 375
3 4 10 17 33 58 67 72 74 252 258 262 278 309 311 313 321
 332 360 369
8 22 27 36 43 47 60 73 78 253 257 273 281 283 302 310 314
 324 360 364
6 11 14 35 42 62 65 70 80 265 267 270 279 284 295 297 312
 326 360 363
12 16 23 25 39 44 46 51 75 263 276 282 290 294 296 308 320
 329 360 367
9 18 26 30 40 41 45 57 68 256 274 286 291 292 301 307 319
 330 360 365
2 5 21 31 37 50 56 63 69 272 280 287 289 293 298 300 306
 331 360 366
1 19 29 38 49 52 55 64 79 255 261 268 275 285 299 305 318
 327 360 361
15 20 28 34 48 53 59 71 77 254 259 264 277 288 304 315 316
 323 360 362
0 7 13 24 32 54 61 66 76 260 266 269 271 303 317 322 325
 328 360 368
6 25 29 37 43 53 58 61 68 172 192 197 205 217 226 227 240
 248 345 379
1 9 24 34 46 56 60 65 74 180 187 188 203 209 213 222 239
 250 343 379
0 16 20 33 45 50 55 70 73 175 184 186 195 207 216 221 244
 251 342 379
5 13 18 36 42 52 67 71 75 176 191 201 204 210 224 225 236
 249 344 379
3 7 11 15 19 23 27 31 40 211 215 219 232 233 234 238 242
 247 350 379
14 22 30 39 49 54 63 72 77 174 178 182 194 206 230 231 237
 241 349 379
2 17 28 35 47 51 57 66 79 171 181 189 190 200 214 223 235
 245 347 379
10 21 26 38 44 48 62 76 78 173 177 193 198 202 218 228 229
 246 348 379
4 8 12 32 41 59 64 69 80 179 183 185 196 199 208 212 220
 243 346 379
