529 530 531 532 533 534 535 536 537 538 539 540 541 542 543 544 545
 546 547 548 549 550 551 552
506 507 508 509 510 511 512 513 514 515 516 517 518 519 520 521 522
 523 524 525 526 527 528 552
263 264 265 266 267 319 320 321 322 323 324 385 386 387 388 389 444
 445 446 447 448 490 496 552
273 274 275 276 277 331 332 333 334 335 336 395 396 397 398 399 454
 455 456 457 458 492 498 552
258 259 260 261 262 313 314 315 316 317 318 380 381 382 383 384 439
 440 441 442 443 489 495 552
283 284 285 286 287 342 343 344 345 346 347 406 407 408 409 410 464
 465 466 467 468 493 499 552
288 289 290 291 292 348 349 350 351 352 353 411 412 413 414 415 469
 470 471 472 473 494 500 552
268 269 270 271 272 325 326 327 328 329 330 390 391 392 393 394 449
 450 451 452 453 491 497 552
298 299 300 301 302 359 360 361 362 363 372 422 423 424 425 426 427
 479 480 481 482 483 504 552
278 279 280 281 282 337 338 339 340 341 370 400 401 402 403 404 405
 459 460 461 462 463 502 552
293 294 295 296 297 354 355 356 357 358 371 416 417 418 419 420 421
 474 475 476 477 478 503 552
253 254 255 256 257 308 309 310 311 312 369 374 375 376 377 378 379
 434 435 436 437 438 501 552
303 304 305 306 307 364 365 366 367 368 373 428 429 430 431 432 433
 484 485 486 487 488 505 552
40 41 42 43 44 104 105 106 107 108 109 166 167 168 169 170 216
 217 218 219 220 240 245 552
20 21 22 23 24 82 83 84 85 86 87 144 145 146 147 148 196
 197 198 199 200 238 243 552
15 16 17 18 19 76 77 78 79 80 81 139 140 141 142 143 191
 192 193 194 195 237 242 552
25 26 27 28 29 88 89 90 91 92 93 149 150 151 152 153 201
 202 203 204 205 239 244 552
45 46 47 48 49 110 111 112 113 114 115 171 172 173 174 175 221
 222 223 224 225 241 246 552
50 51 52 53 54 55 56 57 58 59 60 226 227 228 229 230 231
 232 233 234 235 236 252 552
0 1 2 3 4 61 62 63 64 65 116 121 122 123 124 125 126
 176 177 178 179 180 247 552
35 36 37 38 39 99 100 101 102 103 120 160 161 162 163 164 165
 211 212 213 214 215 251 552
30 31 32 33 34 94 95 96 97 98 119 154 155 156 157 158 159
 206 207 208 209 210 250 552
5 6 7 8 9 66 67 68 69 70 117 127 128 129 130 131 132
 181 182 183 184 185 248 552
10 11 12 13 14 71 72 73 74 75 118 133 134 135 136 137 138
 186 187 188 189 190 249 552
242 243 244 245 246 247 248 249 250 251 252 495 496 497 498 499 500
 501 502 503 504 505 528 551
121 127 141 144 155 186 201 212 218 222 228 374 381 396 406 417 445
 449 459 480 485 494 517 551
122 128 134 140 150 196 206 211 217 223 227 385 397 401 411 422 435
 439 465 474 484 491 518 551
123 135 146 162 167 183 192 202 207 225 230 376 382 386 391 402 454
 470 476 481 486 493 520 551
129 152 163 169 172 178 189 193 197 208 232 383 403 408 418 425 437
 446 452 471 487 492 522 551
145 151 156 161 166 177 182 187 191 224 229 375 398 412 423 429 440
 450 460 466 475 490 519 551
124 142 157 170 173 184 188 198 204 213 231 387 392 419 424 431 436
 455 461 467 473 489 521 551
131 138 147 159 165 180 194 205 220 235 241 389 393 410 414 420 427
 438 442 457 463 488 526 551
130 136 158 168 171 179 199 203 214 233 237 377 388 399 404 407 430
 441 451 472 477 482 524 551
133 139 149 154 160 176 181 216 221 226 238 380 390 395 400 416 428
 434 444 464 469 479 523 551
125 137 143 164 174 185 200 209 219 234 239 378 384 409 413 426 432
 447 453 456 462 478 525 551
126 132 148 153 175 190 195 210 215 236 240 379 394 405 415 421 433
 443 448 458 468 483 527 551
178 181 187 194 198 203 206 215 218 225 234 309 316 320 327 335 339
 342 350 358 360 367 528 550
130 137 139 145 153 170 180 208 212 223 230 255 260 263 297 298 330
 334 340 345 349 373 528 548
122 131 144 149 174 188 193 207 214 229 240 254 268 278 291 294 306
 315 323 336 346 359 528 543
126 141 151 158 164 167 184 189 196 221 235 267 279 285 290 295 317
 325 331 362 368 369 528 549
124 133 147 155 169 175 185 191 202 211 233 258 276 282 289 299 312
 322 326 344 366 371 528 547
123 129 140 148 160 168 186 205 209 224 231 272 274 287 302 304 308
 314 324 352 355 370 528 545
121 138 142 162 171 182 197 210 217 226 239 253 262 286 288 300 307
 321 328 333 341 354 528 540
136 143 150 157 163 177 183 220 222 236 238 261 269 277 280 296 303
 311 319 343 348 363 528 541
132 135 159 166 172 176 200 201 213 227 237 257 266 273 281 283 305
 313 329 353 356 361 528 542
125 128 152 156 165 173 190 192 199 216 228 256 259 265 270 275 337
 347 351 357 365 372 528 546
127 134 146 154 161 179 195 204 219 232 241 264 271 284 292 293 301
 310 318 332 338 364 528 544
116 117 118 119 120 237 238 239 240 241 252 369 370 371 372 373 489
 490 491 492 493 494 516 550
17 55 92 104 116 145 163 184 186 210 246 254 275 282 318 367 388
 416 427 453 465 470 511 542
23 37 53 88 116 172 185 190 207 217 242 295 302 316 330 348 375
 389 395 404 467 485 515 544
46 59 68 109 116 139 161 188 202 209 243 256 267 300 342 353 399
 403 420 443 449 484 512 541
24 28 47 63 118 143 159 184 218 229 251 287 322 334 354 364 376
 390 404 422 443 471 506 546
18 49 99 109 118 147 150 154 178 231 248 254 270 333 349 356 402
 407 426 440 448 485 507 549
29 31 69 108 118 139 146 171 215 228 247 268 285 313 348 366 378
 401 427 446 455 475 510 545
17 24 46 89 119 127 165 178 217 230 249 278 311 325 344 361 380
 387 412 430 458 478 509 545
23 31 57 106 117 124 186 195 214 223 244 265 281 325 333 358 382
 409 423 428 438 471 514 541
43 52 69 83 119 123 137 191 213 221 244 269 275 293 320 341 379
 408 422 442 472 485 512 543
3 52 108 113 117 151 157 190 193 212 243 266 287 301 312 350 380
 402 432 451 457 474 511 540
51 63 87 89 120 132 155 170 189 224 242 261 270 292 300 358 377
 401 447 454 464 488 511 543
17 39 47 87 117 134 168 177 202 234 250 288 313 323 340 365 379
 393 396 418 467 479 508 549
14 48 79 104 120 125 146 151 206 233 248 273 294 311 328 352 389
 408 428 443 461 480 508 548
21 49 68 78 120 123 138 152 218 227 250 263 306 317 338 348 398
 409 416 436 451 483 509 547
18 31 53 73 120 130 177 197 205 221 245 259 301 322 336 342 374
 392 405 411 478 486 513 542
10 59 78 99 119 122 153 184 199 222 245 273 284 299 316 324 378
 391 418 460 469 488 514 540
14 40 92 98 117 140 165 172 198 226 247 269 290 315 345 364 374
 399 421 447 460 481 507 547
9 73 88 106 119 141 147 161 173 234 247 262 291 304 329 343 388
 400 437 454 474 483 506 548
12 29 83 113 116 128 155 167 194 232 251 283 303 323 333 355 384
 392 415 434 460 482 509 548
36 55 79 98 118 126 129 200 202 223 245 262 264 277 347 360 412
 417 431 434 451 463 515 543
77 82 91 95 114 179 185 215 216 235 249 254 269 281 287 300 381
 386 398 411 418 431 516 548
71 76 102 105 113 176 199 205 210 234 248 255 268 277 292 295 382
 387 403 406 422 429 516 547
66 80 86 99 110 180 190 203 219 226 250 261 267 282 291 305 376
 392 397 408 417 423 516 545
64 72 85 88 111 181 195 209 220 233 251 266 275 286 297 306 374
 383 391 401 412 424 516 549
68 74 89 94 104 194 200 214 221 236 247 260 272 284 289 307 375
 385 396 402 419 425 516 546
62 67 74 97 103 139 147 151 168 172 252 310 337 354 363 367 381
 387 391 397 409 415 513 543
65 68 71 96 101 141 148 150 170 171 252 312 339 357 359 364 384
 386 393 395 408 412 514 542
61 66 75 98 102 143 145 149 167 173 252 308 338 358 361 366 383
 389 394 396 407 411 512 540
63 70 72 94 100 140 146 153 169 174 252 309 341 356 362 365 380
 388 392 398 406 414 515 541
64 69 73 95 99 142 144 152 166 175 252 311 340 355 360 368 382
 385 390 399 410 413 511 544
78 86 93 96 112 176 182 214 220 232 249 308 326 340 347 362 443
 447 455 470 474 485 513 550
39 50 61 84 92 135 158 181 222 240 242 262 301 326 349 355 387
 398 408 438 462 484 510 546
10 46 65 84 91 131 156 169 226 237 251 263 277 285 304 358 379
 402 439 453 473 480 513 544
4 57 76 90 108 155 165 182 188 200 246 274 280 309 317 373 391
 408 411 448 477 479 506 544
18 21 90 97 110 122 132 163 167 234 249 271 286 298 312 370 399
 428 442 445 473 475 515 546
1 44 59 81 88 131 189 206 213 238 246 253 314 332 340 366 386
 406 415 423 451 478 507 546
20 26 47 80 98 121 128 213 233 240 249 255 272 279 342 363 414
 416 432 440 446 454 514 544
24 55 67 94 109 121 160 190 225 237 244 271 294 319 331 340 384
 411 424 437 466 488 510 547
4 56 69 106 111 150 164 187 207 237 243 292 299 308 321 345 381
 392 416 458 463 487 508 546
60 75 76 97 101 123 127 175 203 238 245 265 283 300 315 334 375
 414 453 461 474 487 510 549
29 53 64 77 109 137 156 183 196 214 246 257 258 335 364 370 387
 414 417 452 464 483 508 540
60 61 80 91 105 129 134 147 207 212 246 259 273 307 339 369 390
 424 447 468 472 475 509 541
16 34 48 83 88 126 168 183 212 226 249 270 299 309 338 346 385
 420 429 456 471 489 510 542
27 49 79 85 94 131 164 170 177 228 249 282 283 302 310 327 382
 421 444 472 484 492 506 540
26 43 56 63 79 138 161 181 199 208 246 281 303 312 315 331 385
 394 426 467 476 494 513 545
41 58 65 78 89 146 157 160 185 187 246 255 262 305 336 337 410
 421 445 471 482 491 512 549
5 49 58 63 107 133 192 201 210 214 243 298 320 343 352 369 383
 393 397 431 460 478 510 544
34 50 70 87 104 138 173 176 193 211 244 267 296 327 334 370 378
 381 412 468 482 486 507 544
38 44 73 78 110 148 149 155 179 230 248 257 275 290 327 354 425
 432 439 463 467 490 510 541
27 59 64 83 100 129 159 171 187 216 242 291 296 298 318 325 396
 432 435 448 461 493 513 547
6 16 23 101 113 136 149 166 178 235 250 258 264 341 352 373 378
 421 424 449 454 465 513 546
44 53 68 82 97 125 142 187 212 241 244 277 279 323 326 356 377
 383 433 465 469 481 506 545
24 58 62 91 99 136 167 182 209 223 242 289 293 315 327 372 400
 406 433 436 446 457 508 542
72 81 103 107 114 177 200 204 207 226 248 312 325 334 351 355 441
 446 459 465 483 488 512 550
62 73 82 89 115 183 193 210 219 227 251 324 331 345 357 366 438
 440 449 461 472 479 515 550
70 79 83 102 111 179 188 201 217 236 250 314 322 337 349 368 437
 453 457 464 475 481 514 550
11 17 37 106 115 152 158 180 229 238 248 272 276 293 309 353 384
 401 431 445 468 481 513 540
18 36 48 67 85 124 135 216 229 239 250 260 290 303 324 339 377
 406 427 452 458 474 512 544
19 22 30 92 113 123 130 211 219 229 249 253 285 329 337 360 383
 395 419 448 488 494 508 541
0 16 52 93 106 128 135 197 209 215 246 261 278 310 334 368 393
 407 419 469 480 490 515 547
15 28 31 87 115 125 162 166 181 231 249 280 284 330 359 369 388
 415 417 439 457 487 512 547
0 14 26 87 112 130 141 207 216 236 251 264 274 344 356 367 403
 413 423 436 442 491 510 540
24 35 69 77 115 122 133 170 205 232 250 262 266 279 351 367 375
 394 456 477 480 493 507 541
4 20 75 93 110 129 139 157 217 235 251 276 284 294 320 365 377
 382 450 462 483 494 507 542
5 19 84 100 114 121 137 151 220 231 250 265 278 292 316 366 399
 425 434 468 476 491 506 542
8 22 54 98 108 133 163 179 194 224 244 273 278 321 330 357 376
 406 413 483 484 489 513 549
6 50 65 105 112 137 152 162 195 206 243 254 283 290 322 363 396
 400 450 477 488 489 515 545
2 53 67 104 115 136 140 155 204 215 243 253 263 291 347 361 390
 429 442 462 476 492 514 549
1 54 85 90 103 130 134 173 210 218 242 258 269 294 353 362 402
 410 434 456 487 490 514 545
12 43 46 77 100 126 144 157 203 227 248 274 288 310 330 371 383
 400 427 447 466 486 514 546
7 41 60 62 110 156 186 194 213 239 243 264 311 346 349 362 394
 395 401 418 441 486 506 547
7 22 45 76 103 125 150 189 230 240 250 281 289 304 318 320 374
 390 420 455 466 482 515 540
34 51 74 81 100 128 145 179 225 239 245 266 276 317 343 359 390
 403 421 438 473 485 508 545
23 29 33 76 111 160 169 180 184 227 249 256 301 328 339 343 396
 413 433 441 476 490 507 543
18 28 51 62 107 127 158 190 198 211 246 277 306 308 313 341 413
 420 425 444 450 493 514 548
25 38 60 65 82 128 188 208 220 221 242 271 313 352 360 371 376
 388 409 429 458 459 507 540
9 56 85 95 107 140 162 180 189 222 244 264 268 335 337 371 375
 407 432 443 473 479 509 542
9 37 46 81 82 153 167 176 186 233 250 259 280 321 350 364 410
 419 426 435 450 492 510 543
3 49 71 86 90 140 158 166 185 230 251 265 296 307 332 342 394
 427 437 459 469 489 508 543
19 41 45 74 101 122 159 197 202 228 248 269 297 308 331 350 388
 423 433 462 464 489 509 544
42 47 55 61 70 154 165 189 191 203 243 257 286 324 348 359 382
 419 433 456 459 491 513 548
40 59 66 84 96 134 164 175 178 192 244 266 272 280 336 354 427
 429 436 441 464 494 515 548
7 30 58 86 105 141 172 177 188 215 244 276 297 324 328 338 414
 426 430 434 439 493 511 546
13 22 25 61 114 132 142 168 206 228 251 267 293 336 343 373 375
 380 426 452 463 470 514 547
8 25 44 75 96 162 174 191 199 227 247 261 287 325 349 367 405
 420 424 434 445 492 508 544
13 38 54 80 95 151 174 176 183 198 245 263 302 318 333 344 393
 401 433 437 477 494 512 546
4 26 52 86 102 169 183 186 206 241 242 260 329 351 354 359 378
 399 405 431 444 466 509 549
19 58 71 94 103 124 152 181 196 241 245 261 274 321 346 361 379
 404 432 449 470 475 507 548
44 54 64 66 114 135 141 205 208 211 243 284 288 309 319 372 404
 421 428 440 453 455 509 543
14 16 50 96 102 144 180 185 204 224 245 286 313 320 331 372 402
 415 416 430 435 452 506 541
66 71 91 97 109 195 197 213 222 229 247 317 330 344 352 365 435
 444 456 463 476 482 511 550
4 7 11 33 35 195 199 202 218 221 252 253 278 296 302 305 440
 447 452 457 465 473 510 548
3 5 13 30 39 194 197 204 216 223 252 257 280 295 299 306 443
 445 453 454 466 472 507 545
0 6 12 34 37 191 198 205 219 222 252 256 281 294 298 307 439
 446 451 458 464 470 506 549
1 9 10 32 38 192 200 203 217 224 252 254 279 297 301 303 442
 444 449 455 468 471 508 547
2 8 14 31 36 193 196 201 220 225 252 255 282 293 300 304 441
 448 450 456 467 469 509 546
2 15 25 42 50 130 133 148 159 164 246 311 316 333 338 365 446
 449 466 473 474 481 516 543
0 20 28 36 56 131 137 154 168 175 242 317 328 350 357 361 437
 445 455 460 465 486 516 541
5 21 32 41 51 126 136 139 165 174 244 322 329 332 339 355 435
 440 467 470 480 487 516 540
1 8 40 45 57 138 143 153 158 160 243 310 323 344 351 360 439
 452 454 461 475 485 516 542
12 17 30 35 52 125 132 147 149 171 245 314 319 335 345 362 436
 450 459 471 476 484 516 544
7 13 32 90 107 145 160 193 233 241 247 270 283 288 316 368 386
 417 422 436 458 462 513 541
25 32 45 81 84 124 129 161 218 236 249 257 268 341 345 372 384
 389 397 469 477 486 511 549
13 15 35 47 108 123 196 208 236 239 248 256 291 326 332 358 381
 410 424 430 444 460 515 542
12 26 33 70 105 142 164 224 230 238 247 258 271 306 347 350 397
 404 418 438 448 480 512 542
10 39 40 80 112 124 145 201 209 235 248 253 271 335 348 357 380
 385 405 482 487 493 506 543
3 21 57 93 101 133 156 184 219 225 242 268 288 314 356 363 374
 385 430 463 468 492 512 548
2 11 23 45 92 154 170 182 192 234 251 273 319 346 368 371 381
 405 414 425 435 451 512 545
16 36 42 75 111 121 153 156 198 232 248 289 296 329 336 369 386
 404 409 442 479 484 511 545
1 21 27 48 74 127 191 208 231 240 251 295 305 321 335 347 378
 393 400 411 441 481 511 541
28 34 42 67 72 144 163 192 223 235 247 292 305 314 326 342 379
 395 426 461 477 490 509 540
33 37 56 72 77 148 173 178 182 201 245 260 285 323 332 363 376
 420 428 462 472 491 511 547
5 10 27 43 95 143 148 211 225 232 247 259 328 346 353 373 377
 387 416 423 457 459 515 549
6 11 30 41 93 175 196 212 231 237 247 286 303 318 327 351 376
 389 398 403 478 479 514 543
8 15 20 38 112 126 169 187 204 228 250 307 315 319 353 370 391
 395 407 422 438 478 511 548
3 19 27 40 54 132 136 144 154 162 246 256 260 276 279 304 389
 392 409 412 418 422 510 550
2 22 29 35 55 127 138 157 166 174 242 259 272 290 297 299 379
 386 397 403 407 428 506 550
6 20 33 42 60 122 135 143 161 171 244 263 270 274 282 295 374
 380 410 415 425 431 508 550
0 9 43 48 51 134 142 149 159 163 243 255 265 285 289 302 384
 391 398 405 417 430 507 550
11 15 32 39 57 121 131 146 150 172 245 258 267 275 287 298 377
 394 400 413 419 429 509 550
23 58 77 102 112 127 159 168 189 239 247 263 275 280 294 312 360
 392 440 468 469 484 520 534
2 49 73 77 101 129 145 206 226 240 244 256 292 303 313 344 362
 391 404 419 445 457 525 532
29 75 78 95 100 124 130 172 234 240 243 270 280 293 307 314 331
 376 412 444 465 480 526 533
5 42 54 77 96 125 172 186 202 238 251 255 291 301 317 327 341
 385 407 458 475 488 521 535
2 40 58 72 90 128 171 191 212 238 250 254 284 302 329 331 358
 387 413 443 463 486 522 538
0 25 54 73 105 146 165 184 223 237 250 272 296 300 312 335 346
 383 415 444 462 485 519 539
9 23 72 96 99 123 151 194 228 240 246 271 288 296 322 345 361
 377 403 431 439 456 523 530
16 40 51 67 95 123 150 188 199 241 251 257 262 282 330 350 362
 396 428 446 468 478 519 537
2 27 56 87 96 139 167 190 213 241 248 258 278 307 324 343 360
 374 398 453 471 477 518 539
9 45 61 87 90 137 157 215 232 237 245 256 282 306 325 352 354
 385 395 406 440 481 526 531
16 38 53 86 114 138 154 184 202 240 247 266 274 298 311 337 358
 384 406 450 472 487 518 536
13 19 36 64 112 155 184 217 234 238 244 259 305 310 345 352 359
 394 398 402 420 446 524 529
14 30 67 108 114 153 161 178 227 238 242 275 279 307 308 322 346
 382 393 417 473 482 525 531
11 49 69 96 105 126 163 198 233 239 242 257 284 304 323 334 337
 380 411 423 449 476 526 529
31 58 64 82 93 134 143 165 224 240 248 260 267 283 299 341 367
 395 437 451 473 476 517 537
8 13 34 82 102 170 178 202 229 237 246 265 284 328 348 355 362
 374 397 400 432 442 527 533
14 37 70 86 95 122 139 218 231 239 246 283 289 301 319 325 357
 379 383 429 454 463 524 532
3 22 28 50 95 161 186 217 221 237 248 261 298 323 339 347 366
 391 414 421 436 456 522 534
8 33 43 50 78 147 177 190 223 239 251 268 279 309 318 352 361
 386 399 419 464 487 517 538
6 40 56 61 99 146 155 193 221 239 249 265 277 297 314 353 367
 393 404 435 466 483 521 536
2 38 51 70 108 147 152 209 222 237 249 260 288 295 320 336 364
 394 423 434 461 465 520 535
1 28 43 55 75 141 185 197 214 241 250 256 273 327 345 355 363
 380 401 429 448 473 520 536
0 42 59 69 101 140 151 200 210 241 249 259 276 306 319 349 358
 376 400 452 467 482 517 534
77 83 89 108 110 124 131 134 158 162 252 316 319 329 334 347 352
 374 403 416 426 433 519 536
79 87 88 105 114 122 127 136 156 160 252 317 320 326 333 345 353
 376 405 419 427 432 522 537
78 82 90 104 113 121 129 135 154 164 252 315 322 330 335 343 351
 379 401 420 423 430 521 534
81 85 91 106 112 123 132 133 157 165 252 318 323 328 331 342 349
 378 404 417 425 429 518 535
80 84 93 109 111 125 130 138 155 163 252 313 324 325 332 346 350
 375 400 421 422 431 520 538
76 86 92 107 115 126 128 137 159 161 252 314 321 327 336 344 348
 377 402 418 424 428 517 539
10 34 36 77 93 132 177 218 230 241 243 272 295 315 333 337 366
 388 408 413 424 435 523 531
3 8 41 55 100 173 195 205 207 238 249 263 289 313 335 354 368
 377 408 426 449 460 518 537
17 23 28 40 49 179 183 187 208 213 252 259 267 268 274 286 289
 434 462 474 480 488 527 531
18 24 27 42 45 176 185 188 206 212 252 261 264 272 275 285 288
 438 460 476 483 487 524 533
16 20 29 41 46 177 181 189 210 211 252 260 265 271 273 287 291
 436 463 477 481 485 525 529
19 21 25 43 47 180 182 186 207 215 252 258 266 270 277 284 290
 437 461 478 482 484 523 532
15 22 26 44 48 178 184 190 209 214 252 262 263 269 276 283 292
 435 459 475 479 486 526 530
46 62 86 88 117 133 143 162 208 228 245 257 272 292 294 339 368
 398 442 448 465 482 521 538
19 50 85 115 120 129 156 167 188 203 247 255 281 299 319 332 354
 380 393 413 465 485 527 530
60 74 93 108 116 140 144 164 173 181 250 257 277 293 298 328 344
 386 405 440 471 488 524 530
0 47 66 85 92 139 155 187 214 227 245 271 295 304 311 341 351
 386 426 457 468 489 522 533
20 27 65 69 114 158 165 186 193 234 245 253 289 303 330 338 356
 397 424 443 464 490 520 530
48 52 80 82 100 133 150 158 182 218 247 256 264 297 336 361 370
 382 415 453 467 488 522 529
35 45 63 71 78 128 168 198 207 235 244 260 286 301 311 353 366
 400 417 448 453 492 519 530
29 57 65 86 94 135 163 168 173 191 248 264 279 300 306 316 345
 390 435 457 478 494 527 535
17 22 51 101 110 137 169 181 201 207 247 279 296 310 324 333 372
 410 411 429 443 451 521 533
20 52 61 88 97 138 140 170 214 225 248 280 285 305 318 322 372
 413 418 434 449 458 519 532
7 26 82 111 116 136 159 192 211 231 245 268 290 307 310 340 358
 380 408 445 456 483 519 535
10 81 102 110 116 130 154 166 196 228 244 262 287 289 306 309 363
 393 447 458 461 476 522 539
44 56 70 76 119 124 136 151 197 225 251 254 272 298 313 338 351
 395 410 417 447 484 527 529
34 55 80 107 117 122 148 152 187 221 251 258 280 300 310 329 349
 389 406 430 455 476 525 530
3 23 67 91 110 138 164 191 206 236 245 255 270 278 353 355 364
 383 388 455 479 493 517 529
2 5 24 93 113 142 161 189 207 233 245 269 305 309 349 357 370
 396 409 427 439 444 527 536
1 22 49 70 89 135 156 195 212 235 245 280 291 308 328 367 371
 384 399 422 446 467 523 539
4 25 68 83 112 140 154 163 190 229 245 281 288 297 327 366 369
 387 410 441 454 480 525 537
8 10 94 107 111 123 149 197 212 234 242 267 276 281 311 347 364
 415 427 440 477 491 521 532
5 31 72 104 112 122 147 203 213 230 242 256 277 287 321 338 368
 384 421 452 479 494 519 533
12 38 76 89 96 121 168 181 223 229 243 259 269 282 332 356 368
 378 389 473 483 493 522 532
17 33 73 90 102 126 131 216 225 231 243 261 273 297 326 341 364
 375 409 446 482 494 518 530
24 37 57 78 111 132 134 151 208 216 247 253 277 282 320 355 359
 407 414 449 486 489 525 539
0 30 53 83 91 160 174 189 192 218 248 282 284 313 321 363 373
 394 399 412 438 474 521 530
0 18 39 74 114 157 169 182 199 230 244 283 291 314 360 364 369
 389 401 416 449 456 527 538
14 32 80 88 103 123 166 171 184 232 243 260 277 278 327 365 371
 411 426 438 445 464 527 534
16 39 72 91 98 125 127 170 221 227 243 268 276 303 316 354 370
 410 423 437 448 470 524 539
34 43 66 73 113 124 150 160 200 228 242 263 278 286 332 367 369
 414 418 443 450 481 524 535
6 44 71 95 115 121 145 165 202 236 242 273 285 306 310 320 370
 392 426 441 471 474 523 538
15 27 30 101 118 173 180 183 217 233 243 271 281 317 336 355 367
 379 406 425 447 469 519 538
33 45 68 106 118 144 151 179 211 226 242 255 280 283 324 335 365
 394 424 442 470 478 522 536
17 48 61 103 118 148 156 185 220 227 244 253 284 298 315 350 368
 392 403 444 454 477 517 535
24 51 90 98 116 141 162 175 187 220 248 263 281 301 314 346 365
 378 397 419 452 472 523 529
20 32 67 100 118 141 152 176 219 230 246 269 286 299 323 352 358
 375 405 441 457 484 521 539
6 28 48 64 84 160 188 194 210 230 245 279 293 312 329 348 365
 381 407 423 447 492 518 532
21 46 55 76 99 130 135 204 206 220 247 276 302 323 341 357 369
 381 394 432 464 471 519 531
18 35 54 87 113 131 153 187 209 217 247 257 265 331 338 363 371
 390 408 431 441 470 517 532
8 21 29 63 115 134 141 209 213 226 245 254 296 326 337 350 373
 382 389 425 458 466 524 534
25 31 35 74 79 167 178 185 222 226 243 274 306 318 329 340 357
 377 414 422 468 490 521 529
32 40 46 70 75 125 196 205 215 229 242 264 305 312 333 340 343
 391 416 425 472 489 517 530
37 62 75 80 113 146 159 170 181 236 244 254 288 299 304 317 347
 399 452 459 478 490 518 531
20 39 45 59 79 155 166 183 190 205 247 254 293 321 334 339 362
 383 409 430 473 491 523 535
15 49 56 84 103 128 149 157 186 219 247 273 295 300 309 322 340
 412 433 442 452 493 524 537
36 47 60 81 83 136 152 170 185 210 247 267 278 301 308 335 356
 391 428 439 466 494 526 538
26 50 64 71 106 127 139 163 200 225 250 253 270 287 336 362 371
 389 433 439 460 472 521 531
11 56 65 88 109 132 145 174 194 211 250 269 274 301 347 354 369
 382 430 446 461 469 517 533
7 57 81 98 104 137 144 171 178 205 251 261 271 299 337 353 369
 398 433 444 467 474 520 532
32 58 68 79 108 135 149 175 180 198 251 253 259 292 325 363 370
 388 418 456 466 485 518 533
9 12 42 98 110 146 152 177 214 231 242 253 266 331 339 344 373
 381 420 422 453 469 527 537
11 19 28 97 99 128 169 176 224 236 243 262 294 325 335 338 373
 374 386 427 467 472 525 535
14 15 65 100 111 127 147 167 210 229 244 257 261 302 342 351 373
 385 418 451 455 462 523 536
30 68 73 87 103 121 143 169 203 235 246 266 268 293 302 347 349
 428 435 458 460 489 520 529
5 36 57 62 109 141 149 199 206 224 249 266 307 318 334 348 371
 379 392 410 462 481 522 530
35 43 60 64 68 145 158 172 192 204 249 261 294 304 322 333 350
 378 406 463 479 491 527 539
9 54 63 102 104 139 150 156 175 197 249 274 290 293 305 316 323
 424 438 451 459 493 525 538
15 41 53 69 94 134 145 176 203 222 251 278 290 312 314 328 372
 409 420 431 448 454 522 531
10 42 57 63 92 142 147 183 215 221 250 283 294 308 330 332 372
 403 412 432 441 445 518 529
4 41 59 91 118 130 162 193 198 224 250 275 295 310 326 343 361
 384 385 414 428 459 527 532
1 11 47 76 120 144 183 209 216 232 244 285 307 312 316 349 361
 388 397 421 450 463 521 537
13 41 48 97 117 164 180 199 201 232 242 254 274 319 341 342 366
 390 412 419 439 483 520 539
7 47 74 109 119 148 162 176 204 235 242 265 282 303 309 336 345
 383 413 451 475 480 518 534
13 26 81 94 120 122 175 182 219 235 243 275 296 304 313 330 339
 387 407 434 471 481 517 536
18 37 71 92 119 129 174 179 220 228 243 258 279 305 328 334 358
 385 415 436 466 479 520 537
1 26 60 84 119 133 166 193 215 223 248 286 302 317 319 337 364
 377 392 396 420 470 525 533
6 21 35 75 119 140 177 201 216 233 246 267 292 330 346 354 360
 384 402 433 438 455 522 535
11 36 84 94 117 142 167 179 205 227 246 270 291 297 320 344 363
 378 395 443 459 487 519 534
12 22 69 97 120 124 153 192 220 226 246 264 287 295 327 353 359
 396 430 437 440 462 518 538
4 53 103 105 117 144 153 159 191 225 249 262 267 303 332 352 357
 401 407 425 436 453 523 533
3 12 16 99 115 131 200 208 218 233 244 290 300 308 318 343 365
 387 395 405 475 491 520 533
4 23 32 55 89 137 142 211 216 222 248 266 304 315 338 342 362
 376 393 415 475 492 524 538
18 30 60 66 106 126 138 146 201 224 251 256 269 289 316 340 359
 387 432 465 477 492 523 534
13 29 52 62 104 131 148 161 192 222 250 255 276 286 325 356 360
 404 411 447 487 489 523 537
9 17 59 97 105 121 133 174 196 204 251 260 270 281 308 348 360
 408 421 457 486 490 524 536
3 14 53 89 107 129 143 175 199 213 250 271 285 297 309 333 359
 381 400 470 484 490 526 535
1 37 50 66 107 157 171 194 196 202 249 275 292 315 324 356 373
 390 405 409 437 480 519 529
39 58 67 106 116 142 148 174 203 208 249 264 273 296 317 351 366
 374 402 422 450 464 526 532
25 33 59 63 85 136 172 194 212 219 248 262 265 344 359 368 370
 379 411 416 450 455 520 531
5 38 74 83 98 150 166 180 195 234 246 285 294 300 324 326 351
 380 404 436 486 492 517 531
12 27 44 51 61 160 172 182 195 196 250 268 299 311 334 342 357
 388 402 431 442 494 525 534
6 19 31 52 109 153 173 179 189 200 251 288 302 311 315 326 339
 397 416 429 445 493 526 539
21 34 54 62 92 164 169 171 188 195 248 259 287 303 320 340 361
 375 417 454 469 491 526 536
4 38 46 72 79 132 158 197 219 231 244 255 258 346 348 367 372
 386 390 396 460 474 526 534
7 31 39 71 85 126 149 191 217 232 246 263 272 343 350 356 372
 376 381 399 461 488 525 536
7 44 52 65 120 143 154 198 201 223 249 258 291 321 331 355 365
 375 391 403 427 468 524 531
10 24 33 66 101 125 168 193 204 236 246 290 298 321 329 342 371
 382 398 401 434 485 526 537
0 7 19 75 89 147 164 166 208 225 226 275 301 323 348 370 406
 431 435 443 477 497 514 537
1 19 33 67 86 149 165 170 187 222 233 287 293 313 333 369 385
 403 453 483 486 500 515 534
3 35 44 72 84 139 152 159 183 224 234 264 282 315 328 369 411
 419 458 482 485 499 514 536
35 59 67 80 89 126 154 173 186 197 220 268 283 312 320 373 398
 404 413 439 481 503 508 533
47 51 68 72 86 124 156 164 193 205 217 269 273 318 360 373 400
 407 415 445 476 501 510 531
44 47 67 93 102 122 137 146 158 194 226 259 281 302 343 371 412
 436 448 449 487 498 511 535
55 74 78 85 105 125 158 161 175 183 201 278 287 288 358 373 392
 395 435 442 446 504 507 532
3 9 26 74 77 155 160 171 198 220 229 267 273 338 349 372 379
 382 465 478 487 497 515 539
27 34 35 86 106 121 130 175 189 194 227 254 277 352 364 372 380
 391 462 467 475 496 512 537
30 45 56 62 102 134 152 184 191 200 220 291 330 333 342 370 377
 380 386 421 480 505 510 532
12 45 54 93 94 127 148 180 193 213 216 262 322 348 358 369 391
 399 426 429 465 502 508 529
8 52 77 92 103 136 146 175 176 208 217 270 306 324 342 369 384
 396 423 463 473 503 506 530
28 52 74 96 111 129 142 165 177 196 219 254 263 316 353 371 394
 406 428 454 482 502 510 533
24 26 41 96 103 131 135 140 179 221 234 256 299 333 348 373 383
 417 450 461 468 496 511 538
17 44 62 94 112 129 138 144 150 215 233 265 295 301 329 373 376
 456 460 464 473 495 512 539
13 51 76 84 106 153 154 171 177 185 213 290 294 347 367 370 376
 383 385 449 457 504 509 530
15 59 75 86 104 132 152 160 179 207 223 285 303 341 350 371 374
 387 393 440 456 504 506 529
4 22 37 40 74 131 141 203 210 223 232 270 311 313 322 370 398
 424 432 469 476 499 512 535
3 20 34 68 76 134 167 174 201 215 231 262 275 311 345 371 404
 423 444 452 488 500 513 538
4 30 42 48 78 136 145 181 205 213 228 300 323 325 364 371 397
 402 413 437 468 495 515 536
9 35 41 92 111 124 143 144 190 206 230 284 300 317 356 370 393
 429 434 446 472 498 513 534
5 29 37 48 105 123 154 187 193 200 235 261 340 344 354 372 374
 388 394 473 484 498 514 538
0 33 49 80 104 127 153 162 188 196 234 266 269 355 366 372 377
 395 463 466 471 495 513 535
63 75 83 103 106 182 193 202 206 222 231 257 259 263 271 279 395
 413 421 427 430 499 516 539
62 69 78 84 98 189 204 212 217 225 229 256 258 274 283 296 388
 393 405 426 428 500 516 535
65 67 73 79 92 196 207 213 218 224 232 265 276 280 288 298 378
 380 407 420 433 497 516 538
87 93 97 100 107 178 183 188 191 223 228 253 273 290 301 304 384
 394 404 410 416 496 516 534
70 90 101 109 112 177 186 192 198 208 227 262 278 285 293 299 377
 389 390 415 432 498 516 536
61 81 96 108 115 184 187 197 201 211 230 264 270 294 302 303 379
 399 400 409 414 495 516 537
12 21 56 67 112 143 166 179 202 210 212 304 316 325 336 372 401
 408 414 419 444 501 507 530
29 30 38 40 85 122 142 185 186 225 236 292 334 361 365 369 400
 408 420 440 451 496 513 539
3 31 37 47 59 127 135 142 145 150 169 327 331 337 346 352 434
 442 447 477 483 505 516 530
7 10 23 48 54 121 140 152 157 161 167 313 326 334 359 367 448
 463 464 472 478 501 516 533
13 27 33 46 53 124 128 141 146 163 166 308 315 320 349 354 451
 456 468 479 488 502 516 532
6 18 26 38 55 123 134 144 156 170 172 309 321 325 343 366 443
 457 462 469 482 503 516 529
11 16 22 43 58 122 129 151 155 162 173 340 342 348 356 364 438
 441 444 453 458 504 516 531
4 54 100 115 119 138 149 168 185 192 196 271 277 283 339 349 374
 419 423 443 446 505 511 531
18 63 82 96 117 137 160 166 173 203 236 253 276 295 318 346 391
 446 463 480 484 500 509 536
39 55 64 96 110 128 136 147 153 193 218 274 281 285 292 328 375
 444 478 481 489 505 512 534
0 23 71 100 108 132 143 156 204 221 233 254 262 324 327 340 397
 420 481 487 494 499 509 532
2 13 66 78 88 144 165 169 210 221 231 264 281 334 350 363 377
 384 475 484 493 497 508 531
6 27 103 104 110 126 133 142 199 209 229 280 301 313 345 358 386
 414 437 485 491 498 509 531
14 43 62 85 101 128 154 174 205 230 237 253 267 280 316 326 396
 431 471 475 483 499 511 529
60 92 95 112 118 125 131 160 167 191 197 260 266 292 296 309 397
 430 449 467 483 502 514 531
9 22 31 65 80 136 164 202 216 227 241 286 294 309 314 334 387
 394 425 460 485 500 511 532
6 14 63 76 91 148 158 163 217 228 241 266 291 299 335 340 409
 419 434 440 486 497 512 533
16 25 62 70 118 145 157 175 214 216 234 279 302 321 332 353 374
 408 439 476 488 497 509 534
21 65 102 107 118 142 153 155 172 181 235 256 272 278 318 319 423
 456 472 474 486 499 508 537
21 30 64 70 81 150 162 168 190 221 232 255 273 315 344 358 427
 431 449 462 490 500 506 533
1 17 69 72 93 154 167 172 199 211 236 263 300 336 339 352 417
 432 438 466 489 497 506 532
36 41 61 73 86 127 151 171 192 209 236 258 281 309 323 330 416
 422 473 488 492 499 507 533
28 39 53 70 78 133 167 171 180 200 206 265 269 304 310 346 403
 424 440 458 494 503 511 537
40 47 65 77 97 130 149 161 190 200 231 296 299 320 328 368 401
 406 438 470 492 495 509 529
31 42 84 89 102 123 141 174 182 190 233 298 303 310 335 353 390
 418 463 465 489 496 507 531
34 58 61 111 120 131 139 166 186 199 204 269 279 288 335 344 376
 384 425 448 474 505 515 529
1 35 53 98 112 148 151 181 188 219 237 270 289 334 341 343 382
 418 427 435 445 505 509 538
0 46 57 95 103 129 170 190 194 201 238 286 290 326 336 338 378
 388 422 440 476 505 508 536
32 52 63 101 114 130 144 167 187 195 239 272 273 282 347 348 387
 420 437 439 479 505 507 535
0 8 24 79 97 152 171 186 211 235 240 257 297 316 332 343 392
 402 429 447 479 500 512 531
29 56 81 101 117 121 147 158 188 216 224 263 284 305 311 327 383
 405 422 456 470 503 515 531
5 22 59 73 111 158 170 176 191 215 239 271 274 315 363 365 389
 402 417 465 471 501 509 537
7 50 79 93 99 124 168 174 187 210 238 256 266 285 330 364 411
 425 442 454 459 503 509 539
26 57 72 97 113 126 145 162 185 218 237 259 291 293 311 324 393
 425 455 464 484 502 507 537
48 56 71 89 98 122 130 169 192 215 238 257 267 288 318 355 409
 424 450 457 485 502 506 534
20 58 66 74 115 123 153 163 206 216 237 258 268 301 333 368 412
 420 447 459 467 501 506 536
2 48 60 94 99 132 137 141 198 202 217 268 280 287 332 351 383
 416 438 482 490 505 513 537
2 7 17 83 95 135 153 214 219 224 228 277 312 317 342 354 389
 400 424 487 491 500 507 529
6 13 49 57 83 125 139 203 207 211 220 262 272 331 361 364 405
 406 418 473 490 501 511 534
11 34 59 90 114 123 143 147 181 214 217 255 264 290 313 357 392
 433 466 480 492 502 511 539
19 51 69 88 102 125 135 148 157 218 223 254 267 271 307 344 414
 441 460 479 492 503 513 536
20 37 43 90 94 125 136 184 195 224 226 257 336 349 360 366 381
 393 403 474 493 496 509 533
3 18 32 105 111 128 148 189 202 214 226 293 319 330 361 367 378
 398 410 461 494 495 506 531
28 82 98 101 105 124 132 138 139 222 232 275 291 302 309 368 402
 441 466 478 491 496 508 530
8 89 99 106 114 125 140 145 159 188 232 258 286 295 339 363 379
 444 451 486 494 498 510 529
12 23 60 79 107 130 150 165 176 209 225 279 284 291 354 366 379
 398 445 452 489 504 511 536
33 36 51 65 113 133 140 183 197 203 240 275 284 325 340 353 381
 389 426 436 475 505 506 539
8 11 27 80 116 156 168 200 215 222 230 292 322 331 341 359 383
 410 428 436 474 497 507 536
13 42 87 99 116 129 149 158 195 225 227 260 269 312 321 337 414
 429 455 478 480 499 506 538
6 32 77 85 116 138 151 169 213 223 234 261 284 308 336 357 390
 430 448 459 481 500 510 537
10 18 29 61 68 159 162 219 223 233 238 274 278 320 351 362 381
 421 429 437 467 497 511 530
4 16 66 87 94 133 161 172 220 230 239 254 259 285 335 355 422
 433 445 451 461 500 514 530
1 12 39 82 109 140 175 184 207 228 239 255 261 320 329 338 412
 425 428 457 477 499 513 531
9 53 84 113 118 122 165 168 195 201 208 261 276 307 327 362 386
 413 416 461 466 501 512 529
10 30 55 88 115 139 164 179 182 198 240 261 265 312 352 356 396
 410 422 452 486 502 509 535
15 37 54 68 91 137 155 177 199 225 240 264 286 308 329 368 380
 397 427 461 471 503 507 534
11 52 70 85 110 141 159 160 178 204 240 259 277 300 330 366 385
 409 460 470 477 501 508 538
31 43 76 114 116 131 133 152 198 212 236 271 305 324 354 362 407
 412 435 454 462 495 508 534
2 19 46 98 106 134 160 183 199 235 239 298 306 322 327 356 375
 408 415 455 459 495 511 533
25 39 69 107 113 138 141 156 179 231 238 260 282 294 342 361 391
 433 435 447 471 498 515 533
15 34 63 109 110 135 151 165 185 232 238 268 297 304 321 360 396
 405 436 465 472 495 514 532
32 44 83 92 99 127 133 173 177 235 237 255 274 307 350 359 401
 409 443 452 476 496 515 532
11 24 38 64 104 130 157 191 201 226 241 265 268 308 317 339 415
 418 426 454 484 499 515 530
21 33 39 88 108 129 137 176 192 229 241 289 300 311 331 367 392
 407 421 439 459 496 514 529
38 49 50 97 116 143 146 182 189 205 216 276 278 329 345 350 379
 385 417 424 441 505 514 533
29 32 47 50 73 132 140 178 199 212 220 289 294 310 317 321 395
 423 431 453 493 502 512 536
8 46 60 71 87 142 151 154 180 214 218 275 299 303 314 329 411
 421 446 462 493 501 515 535
14 45 55 69 82 149 162 169 177 194 209 270 298 305 317 332 387
 404 468 474 494 501 514 539
31 49 51 75 91 144 161 168 176 184 194 253 258 297 319 351 408
 432 458 481 491 502 515 538
26 36 40 68 115 147 157 176 189 195 228 298 316 341 346 355 376
 411 430 453 490 498 508 532
24 40 52 73 81 156 163 174 180 181 202 283 295 307 338 352 377
 381 448 455 491 504 514 534
5 15 23 61 119 163 175 188 205 218 226 260 310 331 347 356 386
 401 432 450 482 500 508 539
2 10 20 105 120 150 173 185 194 208 229 266 310 314 325 341 399
 417 433 470 479 499 510 534
12 15 64 90 117 161 170 174 197 206 235 277 289 324 337 361 376
 416 441 468 485 497 510 535
4 5 28 71 81 146 173 209 212 227 240 282 290 319 333 360 375
 418 430 442 464 497 513 529
5 16 60 90 120 159 169 179 190 196 222 253 272 323 345 367 382
 400 412 426 455 503 512 532
24 50 75 114 117 126 150 155 192 213 219 260 302 306 328 335 388
 403 410 469 475 501 513 532
38 43 45 91 117 135 139 178 196 210 233 296 314 338 347 359 375
 392 413 445 488 498 506 537
28 46 66 108 120 121 136 148 191 207 234 283 297 318 337 362 385
 431 438 452 469 498 507 539
16 45 64 107 119 132 146 164 186 203 229 263 307 326 357 363 403
 411 434 457 467 495 507 538
23 25 95 109 120 126 134 171 181 193 230 276 305 308 351 363 406
 419 442 453 460 496 506 535
22 36 91 104 119 128 143 172 180 187 231 288 306 312 332 362 382
 405 449 464 477 496 510 536
9 27 36 58 76 138 145 178 207 219 221 257 287 319 326 365 399
 401 415 480 489 503 514 535
1 41 79 95 113 137 147 163 182 204 227 267 272 358 359 365 374
 404 458 469 493 495 510 530
14 17 20 54 109 124 159 182 203 212 221 292 306 337 343 355 378
 386 394 439 492 504 515 537
10 19 56 82 108 126 127 172 205 206 214 282 286 296 349 365 384
 390 436 454 490 504 512 538
7 42 49 88 100 134 155 180 197 236 237 279 287 315 357 360 378
 387 428 450 470 498 512 530
44 57 77 87 118 123 128 164 204 210 222 289 297 305 339 346 380
 389 399 437 450 504 513 533
17 25 57 66 100 122 166 189 198 209 241 255 303 322 328 347 381
 395 402 472 483 503 510 538
18 41 50 72 83 121 149 184 208 215 241 280 304 344 353 357 375
 382 397 447 451 504 508 535
14 25 58 110 119 121 170 183 195 200 211 256 295 314 323 350 390
 398 407 427 487 502 513 530
21 42 53 71 80 131 157 178 211 224 239 281 293 345 351 368 388
 391 396 434 443 504 510 539
1 7 34 91 101 115 142 146 190 220 234 257 260 274 322 325 407
 416 460 484 494 504 522 543
4 36 70 92 97 114 134 148 166 194 233 256 261 263 268 331 400
 471 478 485 493 504 521 540
4 13 85 96 109 113 127 143 152 215 226 273 279 289 298 314 388
 438 467 486 491 503 519 543
5 25 56 80 97 115 135 144 160 177 217 275 289 358 362 364 378
 403 448 451 489 499 526 548
12 50 91 103 108 111 122 141 145 154 183 265 272 305 341 360 377
 443 467 478 492 500 526 547
45 50 86 98 100 109 123 131 136 142 201 259 284 295 312 367 401
 458 471 479 490 497 525 548
11 48 50 62 68 77 153 165 166 197 207 271 282 314 343 358 422
 432 434 455 494 496 524 549
22 38 57 67 71 88 159 167 175 177 193 256 284 335 341 349 416
 431 447 480 491 495 524 545
16 33 57 61 74 82 130 152 174 213 217 292 304 312 319 327 417
 427 443 460 493 498 523 549
4 15 43 67 82 99 156 171 189 201 234 272 301 306 334 344 389
 421 434 470 489 502 518 541
22 39 41 63 66 77 152 154 188 225 233 277 302 307 325 345 378
 415 442 474 490 502 517 542
26 39 42 62 76 95 132 173 187 196 226 278 284 297 322 352 384
 427 451 485 492 501 520 541
0 10 15 58 70 113 144 158 202 213 220 270 318 339 345 354 375
 411 428 483 492 496 525 545
5 11 55 87 91 102 124 140 171 208 219 279 283 311 336 350 391
 420 483 485 490 495 523 546
11 20 53 63 81 95 127 149 164 220 223 256 288 324 329 367 402
 408 475 482 489 498 527 547
0 11 21 44 98 111 161 185 193 203 228 260 280 333 352 362 379
 387 390 488 493 503 518 542
1 15 29 97 102 106 129 136 198 221 230 266 282 288 346 357 398
 426 443 488 491 501 517 544
6 15 24 74 88 107 124 154 215 224 227 255 259 296 323 362 399
 408 453 463 494 505 520 540
2 18 33 44 91 100 175 181 186 200 232 267 294 337 345 348 393
 422 430 454 489 501 519 540
24 32 43 61 71 112 153 164 183 194 231 276 291 300 313 337 374
 428 451 465 490 503 522 544
35 42 46 58 85 97 137 150 179 184 193 307 309 313 347 355 389
 405 423 454 494 497 523 547
32 48 53 66 76 93 147 162 170 179 186 296 306 331 353 360 379
 380 446 460 491 499 525 546
25 48 55 72 101 106 131 143 155 176 196 301 307 320 330 337 399
 418 436 440 493 500 527 545
7 29 43 72 80 87 165 175 179 206 229 262 295 298 308 319 402
 409 449 469 492 505 521 542
2 9 16 21 103 109 158 187 205 223 236 275 283 328 359 366 376
 380 418 447 494 502 521 544
10 26 35 51 109 114 129 146 180 191 210 280 323 327 361 368 374
 395 409 474 489 500 524 546
7 15 46 51 92 96 122 138 200 212 216 293 335 352 363 366 382
 392 404 437 490 499 527 549
22 33 52 99 107 112 121 134 139 185 205 257 303 317 346 358 388
 412 461 481 492 497 527 546
9 11 18 25 86 108 125 210 213 225 235 263 299 310 315 355 396
 404 412 464 491 505 522 541
14 22 42 68 81 93 126 160 208 222 234 254 258 265 354 361 392
 401 457 472 493 505 519 544
63 68 88 98 99 113 186 191 196 216 230 310 313 319 328 336 462
 468 473 477 487 504 526 550
64 80 92 94 101 108 185 189 199 223 231 323 338 343 353 354 442
 450 458 480 486 501 523 550
61 69 76 85 100 104 190 202 208 224 235 329 333 346 363 364 436
 439 445 469 478 502 524 550
65 74 87 95 106 110 184 192 205 212 233 315 332 341 348 361 434
 448 452 466 484 503 525 550
4 10 17 21 31 50 128 151 160 170 175 257 264 269 291 307 383
 404 406 420 426 498 520 550
1 5 14 18 46 52 145 152 155 164 168 262 268 281 284 296 376
 395 414 424 433 496 518 550
7 12 24 25 36 53 123 139 158 169 173 254 273 280 286 292 385
 393 421 423 432 495 517 550
67 75 77 84 90 105 180 209 211 221 228 311 318 321 356 359 451
 454 460 467 471 505 527 550
8 19 53 61 72 110 150 161 198 210 216 272 283 317 340 371 378
 430 457 471 480 496 520 543
35 49 61 93 95 117 136 141 169 200 229 255 271 275 316 321 415
 420 461 464 486 504 518 545
24 30 54 65 72 76 129 166 214 222 239 267 270 310 350 366 405
 416 442 467 481 498 518 548
2 59 74 76 112 117 146 149 156 211 218 261 279 286 330 355 426
 431 437 458 472 496 526 542
2 26 32 37 69 110 143 168 188 197 227 265 318 326 335 369 402
 406 412 421 488 504 523 548
2 34 52 71 79 84 162 172 184 203 216 271 289 308 323 373 401
 410 440 478 483 498 517 541
1 23 42 73 94 114 128 139 162 201 229 277 299 318 350 370 394
 408 430 436 447 503 526 549
0 31 41 81 90 99 138 148 172 183 229 279 292 320 347 371 380
 396 424 453 484 501 524 548
31 45 60 70 77 88 121 163 187 199 219 276 290 355 361 373 393
 402 436 443 444 499 518 543
5 33 47 64 89 103 138 167 198 228 237 254 264 276 314 330 405
 408 429 469 474 504 525 541
9 28 30 100 112 116 135 170 193 199 226 258 272 311 320 332 409
 411 433 463 475 504 517 549
14 35 56 66 83 90 142 156 176 223 240 276 287 310 339 348 388
 425 449 478 488 495 520 549
13 17 60 63 67 111 157 162 200 205 240 258 285 327 338 357 399
 423 435 469 485 496 522 548
8 37 51 85 93 118 121 166 192 206 221 274 291 312 338 345 387
 418 433 453 482 495 526 541
1 58 80 83 96 118 132 161 169 205 225 265 290 306 311 330 381
 419 462 465 479 498 524 540
16 28 32 35 65 104 134 182 225 228 238 281 295 324 344 349 383
 392 399 432 483 501 526 543
0 17 38 68 84 107 136 173 206 232 239 287 299 305 330 331 374
 382 414 448 475 502 523 543
5 44 79 86 101 116 134 153 157 221 229 270 286 304 335 361 381
 413 438 446 477 502 520 547
2 30 47 75 82 107 131 151 163 195 230 262 274 339 353 372 378
 385 392 464 485 503 524 547
1 6 36 78 87 108 150 159 174 186 226 271 276 342 368 372 375
 383 387 472 476 502 527 548
8 28 73 76 83 109 122 157 164 172 233 253 260 264 358 372 393
 398 459 468 470 505 523 545
8 23 35 62 81 105 135 155 203 231 241 269 285 298 336 365 385
 412 416 437 443 502 525 540
30 37 61 79 89 109 128 133 144 234 241 263 287 290 296 341 391
 423 441 455 487 501 527 542
5 12 20 78 92 106 156 162 178 236 241 267 297 302 312 313 390
 406 411 456 461 505 524 543
13 28 37 44 45 58 126 130 140 147 156 266 271 278 300 303 378
 382 396 408 416 500 521 550
8 16 26 30 49 59 124 137 148 165 167 277 288 294 301 305 375
 381 388 390 401 499 522 550
23 34 38 41 47 56 125 129 133 141 153 253 261 283 293 306 387
 399 402 411 427 497 519 550
19 55 68 90 95 111 133 146 168 178 213 291 295 303 334 372 405
 438 439 447 450 499 517 540
29 54 70 74 84 99 126 143 170 207 241 253 275 281 342 352 430
 445 450 474 479 495 522 547
18 22 56 75 94 116 165 171 183 204 218 255 266 326 352 368 400
 418 423 439 468 498 525 543
22 34 46 64 105 118 140 149 182 213 236 282 301 316 331 351 377
 393 409 445 487 503 520 548
9 13 20 50 89 101 172 179 191 209 218 277 340 346 351 369 392
 427 428 448 476 495 518 540
14 23 51 64 78 97 131 173 202 215 219 272 303 321 349 369 380
 422 459 466 477 498 522 542
10 28 60 69 86 103 155 174 178 195 216 255 288 331 343 370 389
 419 451 481 484 495 519 542
12 49 55 65 66 81 151 159 199 215 217 260 293 326 346 370 374
 413 454 479 487 496 521 541
7 18 20 40 64 102 133 151 207 222 227 300 327 332 347 373 379
 384 388 419 471 502 526 545
14 27 47 57 99 105 157 179 181 192 197 263 329 362 366 370 375
 384 420 458 465 500 517 543
39 51 83 94 105 115 130 143 151 178 186 256 286 305 315 371 386
 455 463 469 483 497 518 544
24 48 59 95 102 108 128 138 177 195 203 258 304 345 356 369 395
 425 445 462 470 497 521 543
3 6 25 46 94 102 147 187 192 232 240 253 269 317 324 334 401
 413 417 428 467 504 524 542
0 29 45 67 96 120 133 145 195 217 231 267 277 309 315 329 410
 418 432 459 472 504 520 546
8 39 48 65 90 119 139 144 189 219 236 259 266 308 327 333 404
 414 431 465 476 504 519 547
4 6 45 51 73 80 167 204 208 214 238 287 316 328 337 356 379
 412 427 456 484 496 517 547
23 27 39 52 68 75 122 210 220 224 237 290 309 332 337 344 390
 417 426 446 486 495 521 548
9 57 64 75 79 115 148 154 169 212 239 269 278 295 313 342 397
 436 470 482 488 496 519 546
0 13 55 77 86 119 150 167 181 212 224 253 268 322 353 365 409
 421 425 441 461 498 526 544
6 59 72 82 92 120 141 157 168 180 225 257 278 289 333 347 394
 422 444 475 487 495 525 544
21 26 58 73 100 117 125 154 194 217 222 282 285 308 334 353 386
 424 429 452 477 495 527 543
20 49 62 72 108 119 130 142 160 202 232 261 281 290 335 359 389
 429 435 453 468 503 517 546
4 27 77 98 107 120 135 147 174 184 236 265 286 293 340 350 395
 429 439 449 482 501 522 545
19 38 63 93 105 119 131 145 171 190 227 264 280 289 342 355 381
 428 452 456 481 501 521 549
3 24 70 80 106 120 137 149 172 210 228 274 284 303 326 360 386
 420 435 441 473 502 519 549
9 47 52 78 91 94 126 166 188 211 238 292 298 333 357 367 374
 389 441 452 462 499 520 545
21 37 60 96 104 114 124 149 183 189 237 262 297 310 342 365 413
 422 448 457 460 497 517 545
29 36 59 71 107 110 125 144 182 208 237 269 302 322 338 367 380
 419 438 454 468 500 518 549
43 49 53 74 92 102 121 132 193 209 238 264 299 325 339 365 376
 410 439 455 477 500 519 548
30 43 57 84 110 120 127 140 176 187 202 254 260 343 357 368 404
 415 424 446 456 497 526 540
40 53 87 101 111 119 126 135 152 182 194 255 287 294 318 366 397
 426 444 459 473 497 524 541
41 54 75 88 112 120 128 142 158 178 200 268 282 298 324 364 379
 381 457 466 476 500 523 541
27 50 67 81 113 119 125 134 169 198 214 274 297 300 348 368 376
 394 440 445 463 499 523 542
10 16 44 85 89 117 163 171 176 207 231 256 293 317 322 360 394
 397 414 462 466 505 517 548
3 17 36 43 88 96 130 146 188 222 235 283 321 351 358 370 390
 397 425 433 440 501 525 547
32 36 49 54 82 106 122 181 190 191 204 285 311 314 354 373 396
 403 414 447 482 497 520 542
39 46 56 73 93 104 123 159 185 195 198 270 279 319 359 373 397
 406 434 441 475 500 522 540
17 27 41 70 71 82 123 155 161 223 226 266 294 316 363 369 405
 407 413 452 455 505 526 546
13 21 40 69 79 91 121 159 173 214 230 261 301 309 324 371 395
 403 415 450 465 505 525 549
27 31 38 62 66 111 137 140 218 235 238 262 270 273 312 323 403
 419 430 466 470 504 527 544
12 19 32 59 62 87 163 185 201 221 240 263 309 328 351 364 382
 407 424 463 474 498 519 545
3 7 56 78 114 118 163 170 196 203 209 259 294 329 341 344 396
 415 429 438 481 496 523 544
12 31 40 48 63 86 129 204 211 234 237 275 278 317 349 363 375
 386 410 433 449 503 523 540
3 10 45 83 97 104 141 165 181 227 239 258 292 302 336 340 376
 407 431 446 450 503 527 541
25 34 40 78 103 116 127 137 197 224 233 285 291 319 339 356 382
 394 431 457 479 501 518 546
14 33 41 84 115 116 132 150 191 214 235 259 288 334 338 360 391
 406 432 437 444 503 521 545
18 34 57 69 89 112 136 161 180 196 240 273 302 350 354 365 383
 386 434 453 459 499 521 547
38 42 52 90 115 118 124 127 194 199 207 267 304 328 340 363 383
 398 421 435 464 500 525 542
11 40 60 89 100 113 139 148 177 184 206 281 306 321 326 372 407
 417 437 442 456 500 520 544
3 15 60 73 85 98 153 168 182 211 241 254 305 320 325 348 384
 403 464 476 480 498 521 546
16 47 54 69 71 116 147 160 201 206 219 280 297 315 325 347 377
 398 425 473 486 496 527 540
19 23 26 66 104 118 158 174 177 212 232 257 300 314 320 357 391
 400 410 458 473 505 518 547
6 17 29 58 98 114 164 176 190 197 218 304 332 349 359 371 377
 385 391 442 461 499 519 541
19 37 42 65 83 117 138 175 204 209 230 268 273 343 362 367 377
 411 417 440 444 502 522 546
20 31 44 55 103 113 132 180 188 192 239 296 308 316 344 364 385
 398 400 472 480 497 522 549
28 33 54 79 110 117 123 145 189 215 220 299 307 336 351 356 384
 387 400 435 449 499 524 544
19 20 35 48 57 70 73 91 96 107 116 376 387 396 401 421 426
 442 451 466 469 487 528 531
10 25 37 41 49 52 64 67 76 87 98 386 392 400 425 430 438
 443 456 465 475 494 528 536
23 30 36 44 46 50 63 69 74 80 90 374 384 407 418 429 444
 457 461 470 483 491 528 537
5 17 26 34 45 53 65 75 85 99 108 398 415 419 422 428 437
 441 447 449 463 493 528 534
9 15 33 40 55 62 71 83 93 114 120 378 383 390 402 414 423
 445 458 467 477 484 528 533
0 22 27 32 60 72 78 102 109 115 117 381 385 404 408 427 433
 434 450 454 473 478 528 529
3 11 29 42 51 66 79 82 103 112 119 375 393 399 406 416 424
 439 448 462 471 486 528 532
4 8 12 18 47 58 84 88 95 101 104 380 394 403 409 417 435
 455 472 481 488 490 528 539
1 13 16 24 31 56 68 92 100 105 110 379 389 391 413 431 440
 459 464 474 482 492 528 535
7 14 21 28 38 59 61 77 94 106 113 377 397 405 410 412 446
 453 476 479 485 489 528 538
2 6 39 43 54 81 86 89 97 111 118 382 388 395 411 420 432
 436 452 460 468 480 528 530
3 33 38 48 58 69 75 81 87 92 109 272 277 281 286 291 310
 316 322 357 362 373 509 551
6 10 22 47 53 62 79 90 96 100 106 260 268 275 300 305 319
 338 344 350 355 369 507 551
7 16 27 37 55 63 73 84 97 108 112 255 267 269 284 306 314
 333 339 351 361 371 508 551
11 26 31 46 54 61 67 78 83 101 107 254 261 266 289 295 328
 332 345 360 365 370 506 551
13 18 23 43 59 65 70 93 98 103 115 282 287 292 297 307 311
 317 323 329 335 372 510 551
4 9 14 19 24 29 34 39 44 49 60 312 318 324 330 336 341
 347 353 358 363 368 516 551
0 5 35 40 50 76 82 88 94 110 118 258 263 273 288 293 303
 308 325 337 342 359 511 551
8 17 32 42 56 64 74 86 91 113 120 256 262 271 280 290 302
 320 334 346 356 366 514 551
1 20 25 30 51 71 77 99 104 111 117 259 264 278 283 298 304
 309 326 331 348 354 512 551
2 12 28 41 57 68 80 85 102 114 119 257 270 276 285 296 301
 315 321 340 352 367 515 551
15 21 36 45 52 66 72 89 95 105 116 253 265 274 279 294 299
 313 327 343 349 364 513 551
